1 1191255
151 132 12
109 182 34
80 46 6
122 31 13
212 206 4
49 181 4
3 161 1
35 68 2
113 146 23
64 96 47
152 226 11
0 0 0
0 0 0
0 0 0
0 0 0
0 0 0
0 0 0
0 0 0
0 0 0
0 0 0
0 0 0
0 0 0
0 0 0
0 0 0
0 0 0
0 0 0
0 0 0
0 0 0
0 0 0
0 0 0
0 0 0
0 0 0
0 0 0
0 0 0
0 0 0
0 0 0
0 0 0
0 0 0
0 0 0
0 0 0
0 0 0
0 0 0
0 0 0
0 0 0
0 0 0
0 0 0
0 0 0
0 0 0
0 0 0
0 0 0
0 0 0
0 0 0
0 0 0
0 0 0
0 0 0
0 0 0
0 0 0
0 0 0
0 0 0
0 0 0
0 0 0
0000000000000000000000000000000000000000000000000000000000000000
00000000ab671cee973ae0c9c0e4bd88c63cd6ea816c3a63afa22227ffdbd319

2 10002519
73 212 1
35 37 49
73 155 31
67 105 39
241 233 47
250 101 35
220 53 31
169 222 15
224 244 34
171 23 30
85 151 8
249 125 20
35 103 18
201 135 5
93 81 33
234 104 44
231 174 20
220 249 39
0 0 0
0 0 0
0 0 0
0 0 0
0 0 0
0 0 0
0 0 0
0 0 0
0 0 0
0 0 0
0 0 0
0 0 0
0 0 0
0 0 0
0 0 0
0 0 0
0 0 0
0 0 0
0 0 0
0 0 0
0 0 0
0 0 0
0 0 0
0 0 0
0 0 0
0 0 0
0 0 0
0 0 0
0 0 0
0 0 0
0 0 0
0 0 0
0 0 0
0 0 0
0 0 0
0 0 0
0 0 0
0 0 0
0 0 0
0 0 0
0 0 0
0 0 0
0 0 0
00000000ab671cee973ae0c9c0e4bd88c63cd6ea816c3a63afa22227ffdbd319
0000009afb8be9b8fc50f2ae0ca72d483ce200bc93b07e6aac7e2eb521ffcf37

3 2201801828
13 212 36
207 69 17
117 15 17
0 0 0
0 0 0
0 0 0
0 0 0
0 0 0
0 0 0
0 0 0
0 0 0
0 0 0
0 0 0
0 0 0
0 0 0
0 0 0
0 0 0
0 0 0
0 0 0
0 0 0
0 0 0
0 0 0
0 0 0
0 0 0
0 0 0
0 0 0
0 0 0
0 0 0
0 0 0
0 0 0
0 0 0
0 0 0
0 0 0
0 0 0
0 0 0
0 0 0
0 0 0
0 0 0
0 0 0
0 0 0
0 0 0
0 0 0
0 0 0
0 0 0
0 0 0
0 0 0
0 0 0
0 0 0
0 0 0
0 0 0
0 0 0
0 0 0
0 0 0
0 0 0
0 0 0
0 0 0
0 0 0
0 0 0
0 0 0
0 0 0
0 0 0
0000009afb8be9b8fc50f2ae0ca72d483ce200bc93b07e6aac7e2eb521ffcf37
00000000bd43a88e1ed0ecf9e2e071292d184ef1ba9398399f7028488cafbc70

4 11353718
24 167 34
104 52 41
0 0 0
0 0 0
0 0 0
0 0 0
0 0 0
0 0 0
0 0 0
0 0 0
0 0 0
0 0 0
0 0 0
0 0 0
0 0 0
0 0 0
0 0 0
0 0 0
0 0 0
0 0 0
0 0 0
0 0 0
0 0 0
0 0 0
0 0 0
0 0 0
0 0 0
0 0 0
0 0 0
0 0 0
0 0 0
0 0 0
0 0 0
0 0 0
0 0 0
0 0 0
0 0 0
0 0 0
0 0 0
0 0 0
0 0 0
0 0 0
0 0 0
0 0 0
0 0 0
0 0 0
0 0 0
0 0 0
0 0 0
0 0 0
0 0 0
0 0 0
0 0 0
0 0 0
0 0 0
0 0 0
0 0 0
0 0 0
0 0 0
0 0 0
0 0 0
00000000bd43a88e1ed0ecf9e2e071292d184ef1ba9398399f7028488cafbc70
000000a3efb8d31f1ae496328b82e467f95c78b6c3d99f1ef21c0fdf84d573d4

5 2558709
237 176 28
42 29 37
165 7 9
238 145 43
121 217 47
19 79 10
72 110 45
178 130 25
147 114 10
93 170 27
137 56 14
246 9 28
210 138 17
61 210 31
0 0 0
0 0 0
0 0 0
0 0 0
0 0 0
0 0 0
0 0 0
0 0 0
0 0 0
0 0 0
0 0 0
0 0 0
0 0 0
0 0 0
0 0 0
0 0 0
0 0 0
0 0 0
0 0 0
0 0 0
0 0 0
0 0 0
0 0 0
0 0 0
0 0 0
0 0 0
0 0 0
0 0 0
0 0 0
0 0 0
0 0 0
0 0 0
0 0 0
0 0 0
0 0 0
0 0 0
0 0 0
0 0 0
0 0 0
0 0 0
0 0 0
0 0 0
0 0 0
0 0 0
0 0 0
0 0 0
0 0 0
000000a3efb8d31f1ae496328b82e467f95c78b6c3d99f1ef21c0fdf84d573d4
0000004cc237ba3dbc7d0b1660a2a972ada9e9728b5fcaa92b96aace8e303cdf

6 29661531
87 157 15
195 189 28
138 34 36
166 230 14
87 214 16
23 213 40
0 0 0
0 0 0
0 0 0
0 0 0
0 0 0
0 0 0
0 0 0
0 0 0
0 0 0
0 0 0
0 0 0
0 0 0
0 0 0
0 0 0
0 0 0
0 0 0
0 0 0
0 0 0
0 0 0
0 0 0
0 0 0
0 0 0
0 0 0
0 0 0
0 0 0
0 0 0
0 0 0
0 0 0
0 0 0
0 0 0
0 0 0
0 0 0
0 0 0
0 0 0
0 0 0
0 0 0
0 0 0
0 0 0
0 0 0
0 0 0
0 0 0
0 0 0
0 0 0
0 0 0
0 0 0
0 0 0
0 0 0
0 0 0
0 0 0
0 0 0
0 0 0
0 0 0
0 0 0
0 0 0
0 0 0
0000004cc237ba3dbc7d0b1660a2a972ada9e9728b5fcaa92b96aace8e303cdf
000000a1f1ab6fea07941dbccc9b435a97ae9f4846e444e8a28561ff85848b1c

7 8120939
211 5 39
0 0 0
0 0 0
0 0 0
0 0 0
0 0 0
0 0 0
0 0 0
0 0 0
0 0 0
0 0 0
0 0 0
0 0 0
0 0 0
0 0 0
0 0 0
0 0 0
0 0 0
0 0 0
0 0 0
0 0 0
0 0 0
0 0 0
0 0 0
0 0 0
0 0 0
0 0 0
0 0 0
0 0 0
0 0 0
0 0 0
0 0 0
0 0 0
0 0 0
0 0 0
0 0 0
0 0 0
0 0 0
0 0 0
0 0 0
0 0 0
0 0 0
0 0 0
0 0 0
0 0 0
0 0 0
0 0 0
0 0 0
0 0 0
0 0 0
0 0 0
0 0 0
0 0 0
0 0 0
0 0 0
0 0 0
0 0 0
0 0 0
0 0 0
0 0 0
0 0 0
000000a1f1ab6fea07941dbccc9b435a97ae9f4846e444e8a28561ff85848b1c
0000004c73846290cc002c1f68a44c124671e5a33836d8de0000e24371461b07

8 3802975485
63 48 31
48 76 34
44 6 25
39 181 7
148 48 25
156 13 37
40 210 17
118 151 22
3 65 39
58 103 38
173 28 11
98 216 11
188 40 30
165 57 33
23 75 16
138 225 33
230 120 3
40 146 36
166 191 43
16 213 33
0 0 0
0 0 0
0 0 0
0 0 0
0 0 0
0 0 0
0 0 0
0 0 0
0 0 0
0 0 0
0 0 0
0 0 0
0 0 0
0 0 0
0 0 0
0 0 0
0 0 0
0 0 0
0 0 0
0 0 0
0 0 0
0 0 0
0 0 0
0 0 0
0 0 0
0 0 0
0 0 0
0 0 0
0 0 0
0 0 0
0 0 0
0 0 0
0 0 0
0 0 0
0 0 0
0 0 0
0 0 0
0 0 0
0 0 0
0 0 0
0 0 0
0000004c73846290cc002c1f68a44c124671e5a33836d8de0000e24371461b07
00000000b19f690fa25f8c44f85eca74eeede5c853f9d535ad2e10456eb3b90a

9 933702007
48 86 35
15 145 33
106 67 10
167 76 29
146 206 46
33 231 5
208 122 16
241 72 16
68 191 8
96 139 48
9 177 48
54 87 38
177 25 20
0 0 0
0 0 0
0 0 0
0 0 0
0 0 0
0 0 0
0 0 0
0 0 0
0 0 0
0 0 0
0 0 0
0 0 0
0 0 0
0 0 0
0 0 0
0 0 0
0 0 0
0 0 0
0 0 0
0 0 0
0 0 0
0 0 0
0 0 0
0 0 0
0 0 0
0 0 0
0 0 0
0 0 0
0 0 0
0 0 0
0 0 0
0 0 0
0 0 0
0 0 0
0 0 0
0 0 0
0 0 0
0 0 0
0 0 0
0 0 0
0 0 0
0 0 0
0 0 0
0 0 0
0 0 0
0 0 0
0 0 0
0 0 0
00000000b19f690fa25f8c44f85eca74eeede5c853f9d535ad2e10456eb3b90a
00000000f47d25e0d6312b7134c3ca91bb6309eaef3ac18e8ade225f03a542f6

10 673454487
10 156 31
162 15 38
138 119 34
78 112 17
44 166 29
232 178 8
2 223 6
102 219 39
16 210 46
53 170 6
225 155 8
2 41 2
93 79 38
227 51 39
69 224 28
254 129 36
26 156 41
207 231 26
0 0 0
0 0 0
0 0 0
0 0 0
0 0 0
0 0 0
0 0 0
0 0 0
0 0 0
0 0 0
0 0 0
0 0 0
0 0 0
0 0 0
0 0 0
0 0 0
0 0 0
0 0 0
0 0 0
0 0 0
0 0 0
0 0 0
0 0 0
0 0 0
0 0 0
0 0 0
0 0 0
0 0 0
0 0 0
0 0 0
0 0 0
0 0 0
0 0 0
0 0 0
0 0 0
0 0 0
0 0 0
0 0 0
0 0 0
0 0 0
0 0 0
0 0 0
0 0 0
00000000f47d25e0d6312b7134c3ca91bb6309eaef3ac18e8ade225f03a542f6
00000000abfc0417cfb05eb7a872482482b761327fe25f9379a062416f7b0f5f

11 676367963
98 53 49
25 154 32
98 105 15
90 13 39
51 68 7
109 192 28
78 121 37
235 32 33
59 168 43
246 237 29
125 153 11
253 203 21
64 190 20
0 0 0
0 0 0
0 0 0
0 0 0
0 0 0
0 0 0
0 0 0
0 0 0
0 0 0
0 0 0
0 0 0
0 0 0
0 0 0
0 0 0
0 0 0
0 0 0
0 0 0
0 0 0
0 0 0
0 0 0
0 0 0
0 0 0
0 0 0
0 0 0
0 0 0
0 0 0
0 0 0
0 0 0
0 0 0
0 0 0
0 0 0
0 0 0
0 0 0
0 0 0
0 0 0
0 0 0
0 0 0
0 0 0
0 0 0
0 0 0
0 0 0
0 0 0
0 0 0
0 0 0
0 0 0
0 0 0
0 0 0
0 0 0
00000000abfc0417cfb05eb7a872482482b761327fe25f9379a062416f7b0f5f
0000000087f5f9fc9129d976413e7064dc4ddf4d7febe1134c6d36d26b802000

12 3251911
238 211 42
0 75 39
6 60 26
58 135 25
211 227 10
42 4 28
179 169 6
134 54 25
89 14 45
129 51 30
253 127 12
16 152 46
135 51 4
0 0 0
0 0 0
0 0 0
0 0 0
0 0 0
0 0 0
0 0 0
0 0 0
0 0 0
0 0 0
0 0 0
0 0 0
0 0 0
0 0 0
0 0 0
0 0 0
0 0 0
0 0 0
0 0 0
0 0 0
0 0 0
0 0 0
0 0 0
0 0 0
0 0 0
0 0 0
0 0 0
0 0 0
0 0 0
0 0 0
0 0 0
0 0 0
0 0 0
0 0 0
0 0 0
0 0 0
0 0 0
0 0 0
0 0 0
0 0 0
0 0 0
0 0 0
0 0 0
0 0 0
0 0 0
0 0 0
0 0 0
0 0 0
0000000087f5f9fc9129d976413e7064dc4ddf4d7febe1134c6d36d26b802000
0000005086d2d00a371c9910a4bb0ab09b7a7adf29e03cde5c83f815c21e97ef

13 604180772
103 43 39
79 150 12
0 0 0
0 0 0
0 0 0
0 0 0
0 0 0
0 0 0
0 0 0
0 0 0
0 0 0
0 0 0
0 0 0
0 0 0
0 0 0
0 0 0
0 0 0
0 0 0
0 0 0
0 0 0
0 0 0
0 0 0
0 0 0
0 0 0
0 0 0
0 0 0
0 0 0
0 0 0
0 0 0
0 0 0
0 0 0
0 0 0
0 0 0
0 0 0
0 0 0
0 0 0
0 0 0
0 0 0
0 0 0
0 0 0
0 0 0
0 0 0
0 0 0
0 0 0
0 0 0
0 0 0
0 0 0
0 0 0
0 0 0
0 0 0
0 0 0
0 0 0
0 0 0
0 0 0
0 0 0
0 0 0
0 0 0
0 0 0
0 0 0
0 0 0
0 0 0
0000005086d2d00a371c9910a4bb0ab09b7a7adf29e03cde5c83f815c21e97ef
00000000c5c38b79d7a8fa11c5a8c08d8f40e9c31954fae8427f1fca91510bc5

14 3303978887
175 37 41
88 241 11
169 29 49
66 108 34
162 82 14
220 149 13
115 6 49
0 191 20
220 192 39
103 136 33
229 97 25
193 88 37
59 26 4
0 0 0
0 0 0
0 0 0
0 0 0
0 0 0
0 0 0
0 0 0
0 0 0
0 0 0
0 0 0
0 0 0
0 0 0
0 0 0
0 0 0
0 0 0
0 0 0
0 0 0
0 0 0
0 0 0
0 0 0
0 0 0
0 0 0
0 0 0
0 0 0
0 0 0
0 0 0
0 0 0
0 0 0
0 0 0
0 0 0
0 0 0
0 0 0
0 0 0
0 0 0
0 0 0
0 0 0
0 0 0
0 0 0
0 0 0
0 0 0
0 0 0
0 0 0
0 0 0
0 0 0
0 0 0
0 0 0
0 0 0
0 0 0
00000000c5c38b79d7a8fa11c5a8c08d8f40e9c31954fae8427f1fca91510bc5
00000000fda03da5194a1a1aff653a813a63231a28c031020909294152a52545

15 687097763
119 233 16
176 198 39
204 49 4
175 69 3
203 242 33
34 39 8
80 128 18
218 61 11
92 221 4
0 0 0
0 0 0
0 0 0
0 0 0
0 0 0
0 0 0
0 0 0
0 0 0
0 0 0
0 0 0
0 0 0
0 0 0
0 0 0
0 0 0
0 0 0
0 0 0
0 0 0
0 0 0
0 0 0
0 0 0
0 0 0
0 0 0
0 0 0
0 0 0
0 0 0
0 0 0
0 0 0
0 0 0
0 0 0
0 0 0
0 0 0
0 0 0
0 0 0
0 0 0
0 0 0
0 0 0
0 0 0
0 0 0
0 0 0
0 0 0
0 0 0
0 0 0
0 0 0
0 0 0
0 0 0
0 0 0
0 0 0
0 0 0
0 0 0
0 0 0
0 0 0
0 0 0
00000000fda03da5194a1a1aff653a813a63231a28c031020909294152a52545
00000000b9f80cf4ecf899a33f81f93e9997b8cdaac32ee881f33f2bb8f16048

16 76929605
96 137 12
110 48 46
0 0 0
0 0 0
0 0 0
0 0 0
0 0 0
0 0 0
0 0 0
0 0 0
0 0 0
0 0 0
0 0 0
0 0 0
0 0 0
0 0 0
0 0 0
0 0 0
0 0 0
0 0 0
0 0 0
0 0 0
0 0 0
0 0 0
0 0 0
0 0 0
0 0 0
0 0 0
0 0 0
0 0 0
0 0 0
0 0 0
0 0 0
0 0 0
0 0 0
0 0 0
0 0 0
0 0 0
0 0 0
0 0 0
0 0 0
0 0 0
0 0 0
0 0 0
0 0 0
0 0 0
0 0 0
0 0 0
0 0 0
0 0 0
0 0 0
0 0 0
0 0 0
0 0 0
0 0 0
0 0 0
0 0 0
0 0 0
0 0 0
0 0 0
0 0 0
00000000b9f80cf4ecf899a33f81f93e9997b8cdaac32ee881f33f2bb8f16048
00000000f54fce2dcfd5a668d2f2076aa48dc63115a665b692de772ba953e89d

17 2034319828
168 97 48
153 126 2
110 126 39
248 5 43
0 46 3
74 173 13
0 0 0
0 0 0
0 0 0
0 0 0
0 0 0
0 0 0
0 0 0
0 0 0
0 0 0
0 0 0
0 0 0
0 0 0
0 0 0
0 0 0
0 0 0
0 0 0
0 0 0
0 0 0
0 0 0
0 0 0
0 0 0
0 0 0
0 0 0
0 0 0
0 0 0
0 0 0
0 0 0
0 0 0
0 0 0
0 0 0
0 0 0
0 0 0
0 0 0
0 0 0
0 0 0
0 0 0
0 0 0
0 0 0
0 0 0
0 0 0
0 0 0
0 0 0
0 0 0
0 0 0
0 0 0
0 0 0
0 0 0
0 0 0
0 0 0
0 0 0
0 0 0
0 0 0
0 0 0
0 0 0
0 0 0
00000000f54fce2dcfd5a668d2f2076aa48dc63115a665b692de772ba953e89d
000000009ef04e03493570bf401e7ed1888042a07c61d4e88605c70178b56fc1

18 546124670
146 191 40
225 30 48
127 50 28
0 0 0
0 0 0
0 0 0
0 0 0
0 0 0
0 0 0
0 0 0
0 0 0
0 0 0
0 0 0
0 0 0
0 0 0
0 0 0
0 0 0
0 0 0
0 0 0
0 0 0
0 0 0
0 0 0
0 0 0
0 0 0
0 0 0
0 0 0
0 0 0
0 0 0
0 0 0
0 0 0
0 0 0
0 0 0
0 0 0
0 0 0
0 0 0
0 0 0
0 0 0
0 0 0
0 0 0
0 0 0
0 0 0
0 0 0
0 0 0
0 0 0
0 0 0
0 0 0
0 0 0
0 0 0
0 0 0
0 0 0
0 0 0
0 0 0
0 0 0
0 0 0
0 0 0
0 0 0
0 0 0
0 0 0
0 0 0
0 0 0
0 0 0
000000009ef04e03493570bf401e7ed1888042a07c61d4e88605c70178b56fc1
0000000046013329e6ea0a83cf746d53e80f9dd19dc7be1efa3e61423a312d9f

19 86233021
84 4 40
251 202 14
113 23 44
93 132 47
202 134 29
169 83 29
22 110 40
25 134 18
6 190 44
87 57 20
207 198 4
121 172 3
42 10 47
169 21 20
248 56 12
218 2 7
127 200 11
193 184 44
199 239 46
0 0 0
0 0 0
0 0 0
0 0 0
0 0 0
0 0 0
0 0 0
0 0 0
0 0 0
0 0 0
0 0 0
0 0 0
0 0 0
0 0 0
0 0 0
0 0 0
0 0 0
0 0 0
0 0 0
0 0 0
0 0 0
0 0 0
0 0 0
0 0 0
0 0 0
0 0 0
0 0 0
0 0 0
0 0 0
0 0 0
0 0 0
0 0 0
0 0 0
0 0 0
0 0 0
0 0 0
0 0 0
0 0 0
0 0 0
0 0 0
0 0 0
0 0 0
0000000046013329e6ea0a83cf746d53e80f9dd19dc7be1efa3e61423a312d9f
0000003ddf03265ea4634705d084504cde2c62a7710f54a612e47ecc6df4801e

20 2733926379
116 4 2
42 181 30
110 76 39
234 181 24
168 33 45
153 165 35
13 168 23
145 237 14
0 0 0
0 0 0
0 0 0
0 0 0
0 0 0
0 0 0
0 0 0
0 0 0
0 0 0
0 0 0
0 0 0
0 0 0
0 0 0
0 0 0
0 0 0
0 0 0
0 0 0
0 0 0
0 0 0
0 0 0
0 0 0
0 0 0
0 0 0
0 0 0
0 0 0
0 0 0
0 0 0
0 0 0
0 0 0
0 0 0
0 0 0
0 0 0
0 0 0
0 0 0
0 0 0
0 0 0
0 0 0
0 0 0
0 0 0
0 0 0
0 0 0
0 0 0
0 0 0
0 0 0
0 0 0
0 0 0
0 0 0
0 0 0
0 0 0
0 0 0
0 0 0
0 0 0
0 0 0
0000003ddf03265ea4634705d084504cde2c62a7710f54a612e47ecc6df4801e
00000000cd8fcf0a464c351ff75c81856919c0b47e210b98c2f8d9f6923a3c30

21 838403476
179 176 10
25 0 14
228 171 38
140 202 29
189 196 12
102 197 14
51 30 26
145 75 41
53 184 24
238 124 20
180 86 35
126 167 8
148 199 1
56 57 48
68 240 12
22 92 31
146 156 7
146 9 1
151 47 38
110 96 30
0 0 0
0 0 0
0 0 0
0 0 0
0 0 0
0 0 0
0 0 0
0 0 0
0 0 0
0 0 0
0 0 0
0 0 0
0 0 0
0 0 0
0 0 0
0 0 0
0 0 0
0 0 0
0 0 0
0 0 0
0 0 0
0 0 0
0 0 0
0 0 0
0 0 0
0 0 0
0 0 0
0 0 0
0 0 0
0 0 0
0 0 0
0 0 0
0 0 0
0 0 0
0 0 0
0 0 0
0 0 0
0 0 0
0 0 0
0 0 0
0 0 0
00000000cd8fcf0a464c351ff75c81856919c0b47e210b98c2f8d9f6923a3c30
000000000e29b9de47f1fdb9a9c2666c1b5acb1e64270cd4267615eda1c1cb46

22 2765815597
81 200 42
249 161 12
213 39 9
119 10 1
0 0 0
0 0 0
0 0 0
0 0 0
0 0 0
0 0 0
0 0 0
0 0 0
0 0 0
0 0 0
0 0 0
0 0 0
0 0 0
0 0 0
0 0 0
0 0 0
0 0 0
0 0 0
0 0 0
0 0 0
0 0 0
0 0 0
0 0 0
0 0 0
0 0 0
0 0 0
0 0 0
0 0 0
0 0 0
0 0 0
0 0 0
0 0 0
0 0 0
0 0 0
0 0 0
0 0 0
0 0 0
0 0 0
0 0 0
0 0 0
0 0 0
0 0 0
0 0 0
0 0 0
0 0 0
0 0 0
0 0 0
0 0 0
0 0 0
0 0 0
0 0 0
0 0 0
0 0 0
0 0 0
0 0 0
0 0 0
0 0 0
000000000e29b9de47f1fdb9a9c2666c1b5acb1e64270cd4267615eda1c1cb46
000000001c658f068afe7b6c964901b2dbea3b88b2ee391ee29adfd4ff484cde

23 212807516
182 234 8
233 29 33
25 11 48
132 151 17
183 116 38
196 0 10
223 189 39
164 166 43
62 130 16
108 169 49
188 50 27
141 46 34
117 10 9
118 249 18
177 95 30
0 0 0
0 0 0
0 0 0
0 0 0
0 0 0
0 0 0
0 0 0
0 0 0
0 0 0
0 0 0
0 0 0
0 0 0
0 0 0
0 0 0
0 0 0
0 0 0
0 0 0
0 0 0
0 0 0
0 0 0
0 0 0
0 0 0
0 0 0
0 0 0
0 0 0
0 0 0
0 0 0
0 0 0
0 0 0
0 0 0
0 0 0
0 0 0
0 0 0
0 0 0
0 0 0
0 0 0
0 0 0
0 0 0
0 0 0
0 0 0
0 0 0
0 0 0
0 0 0
0 0 0
0 0 0
0 0 0
000000001c658f068afe7b6c964901b2dbea3b88b2ee391ee29adfd4ff484cde
0000000053f26918d72c4164930812ec7a354ef46a1ffe053cd2947e8c7427d8

24 3157354669
243 234 6
230 182 40
58 115 10
225 154 47
0 0 0
0 0 0
0 0 0
0 0 0
0 0 0
0 0 0
0 0 0
0 0 0
0 0 0
0 0 0
0 0 0
0 0 0
0 0 0
0 0 0
0 0 0
0 0 0
0 0 0
0 0 0
0 0 0
0 0 0
0 0 0
0 0 0
0 0 0
0 0 0
0 0 0
0 0 0
0 0 0
0 0 0
0 0 0
0 0 0
0 0 0
0 0 0
0 0 0
0 0 0
0 0 0
0 0 0
0 0 0
0 0 0
0 0 0
0 0 0
0 0 0
0 0 0
0 0 0
0 0 0
0 0 0
0 0 0
0 0 0
0 0 0
0 0 0
0 0 0
0 0 0
0 0 0
0 0 0
0 0 0
0 0 0
0 0 0
0 0 0
0000000053f26918d72c4164930812ec7a354ef46a1ffe053cd2947e8c7427d8
00000000155bab6e3466620ddbe2e7d1988b4a5da2c9e9a08fc672c962d5b868

25 6112709
229 77 45
118 148 23
19 134 26
161 108 39
252 222 7
192 122 17
121 66 2
83 182 28
16 182 31
212 183 15
143 44 26
46 212 24
71 38 36
37 60 22
110 30 23
211 49 26
58 235 45
218 152 19
0 0 0
0 0 0
0 0 0
0 0 0
0 0 0
0 0 0
0 0 0
0 0 0
0 0 0
0 0 0
0 0 0
0 0 0
0 0 0
0 0 0
0 0 0
0 0 0
0 0 0
0 0 0
0 0 0
0 0 0
0 0 0
0 0 0
0 0 0
0 0 0
0 0 0
0 0 0
0 0 0
0 0 0
0 0 0
0 0 0
0 0 0
0 0 0
0 0 0
0 0 0
0 0 0
0 0 0
0 0 0
0 0 0
0 0 0
0 0 0
0 0 0
0 0 0
0 0 0
00000000155bab6e3466620ddbe2e7d1988b4a5da2c9e9a08fc672c962d5b868
000000a536399c2d8ab470d22f9917d2ea0e98f28cc186e675abf33b5f175854

26 957869924
157 161 42
228 221 24
251 74 30
16 248 10
141 196 29
12 203 31
111 6 47
221 240 35
154 80 36
37 200 13
5 187 33
0 0 0
0 0 0
0 0 0
0 0 0
0 0 0
0 0 0
0 0 0
0 0 0
0 0 0
0 0 0
0 0 0
0 0 0
0 0 0
0 0 0
0 0 0
0 0 0
0 0 0
0 0 0
0 0 0
0 0 0
0 0 0
0 0 0
0 0 0
0 0 0
0 0 0
0 0 0
0 0 0
0 0 0
0 0 0
0 0 0
0 0 0
0 0 0
0 0 0
0 0 0
0 0 0
0 0 0
0 0 0
0 0 0
0 0 0
0 0 0
0 0 0
0 0 0
0 0 0
0 0 0
0 0 0
0 0 0
0 0 0
0 0 0
0 0 0
0 0 0
000000a536399c2d8ab470d22f9917d2ea0e98f28cc186e675abf33b5f175854
00000000389c7658100e1da7ecae37e08af39fc35a7eeb9359e47ab160c799ec

27 101037093
238 210 35
62 65 28
80 172 3
52 144 38
206 127 48
24 106 12
238 133 34
246 177 4
214 149 13
144 131 33
27 8 1
109 55 31
99 59 28
66 22 41
169 84 17
140 174 44
123 173 14
26 77 38
0 0 0
0 0 0
0 0 0
0 0 0
0 0 0
0 0 0
0 0 0
0 0 0
0 0 0
0 0 0
0 0 0
0 0 0
0 0 0
0 0 0
0 0 0
0 0 0
0 0 0
0 0 0
0 0 0
0 0 0
0 0 0
0 0 0
0 0 0
0 0 0
0 0 0
0 0 0
0 0 0
0 0 0
0 0 0
0 0 0
0 0 0
0 0 0
0 0 0
0 0 0
0 0 0
0 0 0
0 0 0
0 0 0
0 0 0
0 0 0
0 0 0
0 0 0
0 0 0
00000000389c7658100e1da7ecae37e08af39fc35a7eeb9359e47ab160c799ec
00000000083a6ed63b740c465b28c7321922c31f72a5a081fdde10f2a5788e16

28 1897915
58 98 7
0 0 0
0 0 0
0 0 0
0 0 0
0 0 0
0 0 0
0 0 0
0 0 0
0 0 0
0 0 0
0 0 0
0 0 0
0 0 0
0 0 0
0 0 0
0 0 0
0 0 0
0 0 0
0 0 0
0 0 0
0 0 0
0 0 0
0 0 0
0 0 0
0 0 0
0 0 0
0 0 0
0 0 0
0 0 0
0 0 0
0 0 0
0 0 0
0 0 0
0 0 0
0 0 0
0 0 0
0 0 0
0 0 0
0 0 0
0 0 0
0 0 0
0 0 0
0 0 0
0 0 0
0 0 0
0 0 0
0 0 0
0 0 0
0 0 0
0 0 0
0 0 0
0 0 0
0 0 0
0 0 0
0 0 0
0 0 0
0 0 0
0 0 0
0 0 0
0 0 0
00000000083a6ed63b740c465b28c7321922c31f72a5a081fdde10f2a5788e16
0000008ade37d82675b43177d2d78af6b1beb55e75b98da88cc68211271dd886

29 8184498
210 219 30
128 207 38
203 209 18
251 216 41
141 24 23
172 216 39
48 184 42
196 244 12
192 40 19
64 230 34
248 32 27
15 152 35
99 80 35
145 146 27
77 219 12
79 213 34
191 207 21
15 193 8
126 93 33
0 0 0
0 0 0
0 0 0
0 0 0
0 0 0
0 0 0
0 0 0
0 0 0
0 0 0
0 0 0
0 0 0
0 0 0
0 0 0
0 0 0
0 0 0
0 0 0
0 0 0
0 0 0
0 0 0
0 0 0
0 0 0
0 0 0
0 0 0
0 0 0
0 0 0
0 0 0
0 0 0
0 0 0
0 0 0
0 0 0
0 0 0
0 0 0
0 0 0
0 0 0
0 0 0
0 0 0
0 0 0
0 0 0
0 0 0
0 0 0
0 0 0
0 0 0
0000008ade37d82675b43177d2d78af6b1beb55e75b98da88cc68211271dd886
00000085737cda416c0a313e3159844e7743af15adfe3bf66eeada3c74e4ece3

30 728989782
81 190 19
176 108 26
94 249 25
69 156 5
215 246 24
147 6 45
191 16 38
135 114 37
1 75 14
39 91 44
64 81 18
83 1 22
97 185 6
111 184 24
30 184 20
194 36 35
136 242 7
0 0 0
0 0 0
0 0 0
0 0 0
0 0 0
0 0 0
0 0 0
0 0 0
0 0 0
0 0 0
0 0 0
0 0 0
0 0 0
0 0 0
0 0 0
0 0 0
0 0 0
0 0 0
0 0 0
0 0 0
0 0 0
0 0 0
0 0 0
0 0 0
0 0 0
0 0 0
0 0 0
0 0 0
0 0 0
0 0 0
0 0 0
0 0 0
0 0 0
0 0 0
0 0 0
0 0 0
0 0 0
0 0 0
0 0 0
0 0 0
0 0 0
0 0 0
0 0 0
0 0 0
00000085737cda416c0a313e3159844e7743af15adfe3bf66eeada3c74e4ece3
00000000ebcdee77145e89a478a1affab644cd8e9b6c87adf5773db1d7b1ef53

31 3616139
247 55 4
74 155 15
0 0 0
0 0 0
0 0 0
0 0 0
0 0 0
0 0 0
0 0 0
0 0 0
0 0 0
0 0 0
0 0 0
0 0 0
0 0 0
0 0 0
0 0 0
0 0 0
0 0 0
0 0 0
0 0 0
0 0 0
0 0 0
0 0 0
0 0 0
0 0 0
0 0 0
0 0 0
0 0 0
0 0 0
0 0 0
0 0 0
0 0 0
0 0 0
0 0 0
0 0 0
0 0 0
0 0 0
0 0 0
0 0 0
0 0 0
0 0 0
0 0 0
0 0 0
0 0 0
0 0 0
0 0 0
0 0 0
0 0 0
0 0 0
0 0 0
0 0 0
0 0 0
0 0 0
0 0 0
0 0 0
0 0 0
0 0 0
0 0 0
0 0 0
0 0 0
00000000ebcdee77145e89a478a1affab644cd8e9b6c87adf5773db1d7b1ef53
0000009240185b8124672580ecda56f4377ff83473a9903ca64bb6293706ef9b

32 208649250
18 143 24
97 235 10
99 177 34
80 231 3
105 214 31
52 9 15
143 102 20
149 243 7
146 233 28
151 183 37
0 0 0
0 0 0
0 0 0
0 0 0
0 0 0
0 0 0
0 0 0
0 0 0
0 0 0
0 0 0
0 0 0
0 0 0
0 0 0
0 0 0
0 0 0
0 0 0
0 0 0
0 0 0
0 0 0
0 0 0
0 0 0
0 0 0
0 0 0
0 0 0
0 0 0
0 0 0
0 0 0
0 0 0
0 0 0
0 0 0
0 0 0
0 0 0
0 0 0
0 0 0
0 0 0
0 0 0
0 0 0
0 0 0
0 0 0
0 0 0
0 0 0
0 0 0
0 0 0
0 0 0
0 0 0
0 0 0
0 0 0
0 0 0
0 0 0
0 0 0
0 0 0
0000009240185b8124672580ecda56f4377ff83473a9903ca64bb6293706ef9b
000000001e834e4cb8c036c582385bcd8b551e4d47d04f4b4bcbdd5dbb579509

33 2358822103
19 83 34
230 232 43
149 228 10
252 55 29
28 113 8
174 84 11
1 246 30
8 158 26
9 53 28
212 126 4
13 1 34
36 67 3
33 8 29
64 193 40
52 30 25
114 22 6
118 91 13
195 17 49
235 51 46
90 151 29
0 0 0
0 0 0
0 0 0
0 0 0
0 0 0
0 0 0
0 0 0
0 0 0
0 0 0
0 0 0
0 0 0
0 0 0
0 0 0
0 0 0
0 0 0
0 0 0
0 0 0
0 0 0
0 0 0
0 0 0
0 0 0
0 0 0
0 0 0
0 0 0
0 0 0
0 0 0
0 0 0
0 0 0
0 0 0
0 0 0
0 0 0
0 0 0
0 0 0
0 0 0
0 0 0
0 0 0
0 0 0
0 0 0
0 0 0
0 0 0
0 0 0
000000001e834e4cb8c036c582385bcd8b551e4d47d04f4b4bcbdd5dbb579509
00000000488f38bbe24eb5f48f472d2c8957d9757fc263dc75f01bc16d8e0f74

34 2840857
163 85 22
241 79 24
253 51 47
77 161 44
0 0 0
0 0 0
0 0 0
0 0 0
0 0 0
0 0 0
0 0 0
0 0 0
0 0 0
0 0 0
0 0 0
0 0 0
0 0 0
0 0 0
0 0 0
0 0 0
0 0 0
0 0 0
0 0 0
0 0 0
0 0 0
0 0 0
0 0 0
0 0 0
0 0 0
0 0 0
0 0 0
0 0 0
0 0 0
0 0 0
0 0 0
0 0 0
0 0 0
0 0 0
0 0 0
0 0 0
0 0 0
0 0 0
0 0 0
0 0 0
0 0 0
0 0 0
0 0 0
0 0 0
0 0 0
0 0 0
0 0 0
0 0 0
0 0 0
0 0 0
0 0 0
0 0 0
0 0 0
0 0 0
0 0 0
0 0 0
0 0 0
00000000488f38bbe24eb5f48f472d2c8957d9757fc263dc75f01bc16d8e0f74
000000e77885f9ddd3b66a1c1b0a08b6cf3beed5a98c3527ca971c28ea19500a

35 3135064
136 218 28
0 0 0
0 0 0
0 0 0
0 0 0
0 0 0
0 0 0
0 0 0
0 0 0
0 0 0
0 0 0
0 0 0
0 0 0
0 0 0
0 0 0
0 0 0
0 0 0
0 0 0
0 0 0
0 0 0
0 0 0
0 0 0
0 0 0
0 0 0
0 0 0
0 0 0
0 0 0
0 0 0
0 0 0
0 0 0
0 0 0
0 0 0
0 0 0
0 0 0
0 0 0
0 0 0
0 0 0
0 0 0
0 0 0
0 0 0
0 0 0
0 0 0
0 0 0
0 0 0
0 0 0
0 0 0
0 0 0
0 0 0
0 0 0
0 0 0
0 0 0
0 0 0
0 0 0
0 0 0
0 0 0
0 0 0
0 0 0
0 0 0
0 0 0
0 0 0
0 0 0
000000e77885f9ddd3b66a1c1b0a08b6cf3beed5a98c3527ca971c28ea19500a
00000069309e2988996a5679091009bcdcdfcf7fef3b6d84008024a827f2b21c

36 1997526227
131 200 35
28 232 22
15 208 8
169 160 38
170 40 5
70 194 19
54 212 32
140 189 44
0 0 0
0 0 0
0 0 0
0 0 0
0 0 0
0 0 0
0 0 0
0 0 0
0 0 0
0 0 0
0 0 0
0 0 0
0 0 0
0 0 0
0 0 0
0 0 0
0 0 0
0 0 0
0 0 0
0 0 0
0 0 0
0 0 0
0 0 0
0 0 0
0 0 0
0 0 0
0 0 0
0 0 0
0 0 0
0 0 0
0 0 0
0 0 0
0 0 0
0 0 0
0 0 0
0 0 0
0 0 0
0 0 0
0 0 0
0 0 0
0 0 0
0 0 0
0 0 0
0 0 0
0 0 0
0 0 0
0 0 0
0 0 0
0 0 0
0 0 0
0 0 0
0 0 0
0 0 0
00000069309e2988996a5679091009bcdcdfcf7fef3b6d84008024a827f2b21c
000000001fceda4efa27a31b852ccfd35ba9be6e1a01e645d4c7f436df6fbc91

37 2840314953
156 63 43
175 82 49
41 240 33
60 114 27
116 122 15
44 132 33
2 146 41
52 120 4
17 54 44
113 28 4
38 161 45
4 175 8
100 145 14
135 17 3
171 148 49
87 235 38
0 0 0
0 0 0
0 0 0
0 0 0
0 0 0
0 0 0
0 0 0
0 0 0
0 0 0
0 0 0
0 0 0
0 0 0
0 0 0
0 0 0
0 0 0
0 0 0
0 0 0
0 0 0
0 0 0
0 0 0
0 0 0
0 0 0
0 0 0
0 0 0
0 0 0
0 0 0
0 0 0
0 0 0
0 0 0
0 0 0
0 0 0
0 0 0
0 0 0
0 0 0
0 0 0
0 0 0
0 0 0
0 0 0
0 0 0
0 0 0
0 0 0
0 0 0
0 0 0
0 0 0
0 0 0
000000001fceda4efa27a31b852ccfd35ba9be6e1a01e645d4c7f436df6fbc91
00000000ac948a0da9cc7cf062cdf260f5ffefdaf692166c489c7fbf8f8a029c

38 998845669
100 236 19
125 41 2
24 59 43
197 29 22
239 149 49
125 11 41
87 118 15
20 167 45
215 57 19
55 191 48
115 150 21
64 227 10
139 177 9
148 236 32
18 20 1
0 0 0
0 0 0
0 0 0
0 0 0
0 0 0
0 0 0
0 0 0
0 0 0
0 0 0
0 0 0
0 0 0
0 0 0
0 0 0
0 0 0
0 0 0
0 0 0
0 0 0
0 0 0
0 0 0
0 0 0
0 0 0
0 0 0
0 0 0
0 0 0
0 0 0
0 0 0
0 0 0
0 0 0
0 0 0
0 0 0
0 0 0
0 0 0
0 0 0
0 0 0
0 0 0
0 0 0
0 0 0
0 0 0
0 0 0
0 0 0
0 0 0
0 0 0
0 0 0
0 0 0
0 0 0
0 0 0
00000000ac948a0da9cc7cf062cdf260f5ffefdaf692166c489c7fbf8f8a029c
0000000031970ce4c5fee79a64d70b6c572f572e9310d56b155c3bbf52c8119d

39 5407765
200 105 21
44 65 6
62 71 33
219 46 12
58 26 3
18 145 9
71 183 42
159 156 16
0 0 0
0 0 0
0 0 0
0 0 0
0 0 0
0 0 0
0 0 0
0 0 0
0 0 0
0 0 0
0 0 0
0 0 0
0 0 0
0 0 0
0 0 0
0 0 0
0 0 0
0 0 0
0 0 0
0 0 0
0 0 0
0 0 0
0 0 0
0 0 0
0 0 0
0 0 0
0 0 0
0 0 0
0 0 0
0 0 0
0 0 0
0 0 0
0 0 0
0 0 0
0 0 0
0 0 0
0 0 0
0 0 0
0 0 0
0 0 0
0 0 0
0 0 0
0 0 0
0 0 0
0 0 0
0 0 0
0 0 0
0 0 0
0 0 0
0 0 0
0 0 0
0 0 0
0 0 0
0000000031970ce4c5fee79a64d70b6c572f572e9310d56b155c3bbf52c8119d
00000063e0dda10692ff8918258f6447aec9ce6d8d374d3398587247f378a173

40 856433631
121 113 31
145 22 29
114 35 24
30 149 41
93 223 26
15 33 35
249 181 22
0 0 0
0 0 0
0 0 0
0 0 0
0 0 0
0 0 0
0 0 0
0 0 0
0 0 0
0 0 0
0 0 0
0 0 0
0 0 0
0 0 0
0 0 0
0 0 0
0 0 0
0 0 0
0 0 0
0 0 0
0 0 0
0 0 0
0 0 0
0 0 0
0 0 0
0 0 0
0 0 0
0 0 0
0 0 0
0 0 0
0 0 0
0 0 0
0 0 0
0 0 0
0 0 0
0 0 0
0 0 0
0 0 0
0 0 0
0 0 0
0 0 0
0 0 0
0 0 0
0 0 0
0 0 0
0 0 0
0 0 0
0 0 0
0 0 0
0 0 0
0 0 0
0 0 0
0 0 0
0 0 0
00000063e0dda10692ff8918258f6447aec9ce6d8d374d3398587247f378a173
000000005cc514f30a15192eb386a938c5edd9a415f2446e69a2258ec35180a8

41 30608834
197 94 35
190 67 19
153 29 28
37 93 3
89 152 3
168 207 43
8 204 40
204 182 9
31 81 25
138 17 41
3 163 33
36 138 1
0 0 0
0 0 0
0 0 0
0 0 0
0 0 0
0 0 0
0 0 0
0 0 0
0 0 0
0 0 0
0 0 0
0 0 0
0 0 0
0 0 0
0 0 0
0 0 0
0 0 0
0 0 0
0 0 0
0 0 0
0 0 0
0 0 0
0 0 0
0 0 0
0 0 0
0 0 0
0 0 0
0 0 0
0 0 0
0 0 0
0 0 0
0 0 0
0 0 0
0 0 0
0 0 0
0 0 0
0 0 0
0 0 0
0 0 0
0 0 0
0 0 0
0 0 0
0 0 0
0 0 0
0 0 0
0 0 0
0 0 0
0 0 0
0 0 0
000000005cc514f30a15192eb386a938c5edd9a415f2446e69a2258ec35180a8
0000005fe93c012eaecb4540317868ceb02d0ef18d2ed9164f09504c3768af0f

42 23424364
98 92 47
225 15 49
80 185 14
140 91 34
123 12 43
181 9 10
3 196 24
47 7 7
57 217 12
206 10 22
0 0 0
0 0 0
0 0 0
0 0 0
0 0 0
0 0 0
0 0 0
0 0 0
0 0 0
0 0 0
0 0 0
0 0 0
0 0 0
0 0 0
0 0 0
0 0 0
0 0 0
0 0 0
0 0 0
0 0 0
0 0 0
0 0 0
0 0 0
0 0 0
0 0 0
0 0 0
0 0 0
0 0 0
0 0 0
0 0 0
0 0 0
0 0 0
0 0 0
0 0 0
0 0 0
0 0 0
0 0 0
0 0 0
0 0 0
0 0 0
0 0 0
0 0 0
0 0 0
0 0 0
0 0 0
0 0 0
0 0 0
0 0 0
0 0 0
0 0 0
0 0 0
0000005fe93c012eaecb4540317868ceb02d0ef18d2ed9164f09504c3768af0f
0000006d9c079f7230dec108400e112af009f6ff6f07a6b2abf8ed58d6f4f80b

43 12058522
112 213 32
232 81 37
150 93 19
113 193 47
112 21 23
251 40 24
3 152 41
93 133 9
0 0 0
0 0 0
0 0 0
0 0 0
0 0 0
0 0 0
0 0 0
0 0 0
0 0 0
0 0 0
0 0 0
0 0 0
0 0 0
0 0 0
0 0 0
0 0 0
0 0 0
0 0 0
0 0 0
0 0 0
0 0 0
0 0 0
0 0 0
0 0 0
0 0 0
0 0 0
0 0 0
0 0 0
0 0 0
0 0 0
0 0 0
0 0 0
0 0 0
0 0 0
0 0 0
0 0 0
0 0 0
0 0 0
0 0 0
0 0 0
0 0 0
0 0 0
0 0 0
0 0 0
0 0 0
0 0 0
0 0 0
0 0 0
0 0 0
0 0 0
0 0 0
0 0 0
0 0 0
0000006d9c079f7230dec108400e112af009f6ff6f07a6b2abf8ed58d6f4f80b
00000094f195a11a1669f7b5f27eec9996d79aa44eda11d68555e0c715a8a4c0

44 6147944
216 153 14
189 16 1
32 119 39
211 45 21
177 40 26
18 79 30
50 165 17
242 219 10
222 252 29
31 202 45
109 113 48
148 12 10
46 159 24
120 179 35
87 54 49
129 150 6
0 0 0
0 0 0
0 0 0
0 0 0
0 0 0
0 0 0
0 0 0
0 0 0
0 0 0
0 0 0
0 0 0
0 0 0
0 0 0
0 0 0
0 0 0
0 0 0
0 0 0
0 0 0
0 0 0
0 0 0
0 0 0
0 0 0
0 0 0
0 0 0
0 0 0
0 0 0
0 0 0
0 0 0
0 0 0
0 0 0
0 0 0
0 0 0
0 0 0
0 0 0
0 0 0
0 0 0
0 0 0
0 0 0
0 0 0
0 0 0
0 0 0
0 0 0
0 0 0
0 0 0
0 0 0
00000094f195a11a1669f7b5f27eec9996d79aa44eda11d68555e0c715a8a4c0
00000053d1e3bf4c491ccd7f2d3936a198677daeb37a236b3fa66b198d2c70d5

45 14234022
78 92 10
49 41 3
222 71 5
108 8 32
7 6 8
13 199 41
181 77 11
172 12 22
1 181 5
0 89 1
155 9 23
88 162 35
131 46 39
62 29 30
169 72 19
40 230 21
0 0 0
0 0 0
0 0 0
0 0 0
0 0 0
0 0 0
0 0 0
0 0 0
0 0 0
0 0 0
0 0 0
0 0 0
0 0 0
0 0 0
0 0 0
0 0 0
0 0 0
0 0 0
0 0 0
0 0 0
0 0 0
0 0 0
0 0 0
0 0 0
0 0 0
0 0 0
0 0 0
0 0 0
0 0 0
0 0 0
0 0 0
0 0 0
0 0 0
0 0 0
0 0 0
0 0 0
0 0 0
0 0 0
0 0 0
0 0 0
0 0 0
0 0 0
0 0 0
0 0 0
0 0 0
00000053d1e3bf4c491ccd7f2d3936a198677daeb37a236b3fa66b198d2c70d5
00000077ab94d172a0ca58a8e9f3326508121b740d87816f7b1e1e749eb7d658

46 2784477631
195 152 1
51 41 44
27 14 4
79 253 22
40 154 19
0 0 0
0 0 0
0 0 0
0 0 0
0 0 0
0 0 0
0 0 0
0 0 0
0 0 0
0 0 0
0 0 0
0 0 0
0 0 0
0 0 0
0 0 0
0 0 0
0 0 0
0 0 0
0 0 0
0 0 0
0 0 0
0 0 0
0 0 0
0 0 0
0 0 0
0 0 0
0 0 0
0 0 0
0 0 0
0 0 0
0 0 0
0 0 0
0 0 0
0 0 0
0 0 0
0 0 0
0 0 0
0 0 0
0 0 0
0 0 0
0 0 0
0 0 0
0 0 0
0 0 0
0 0 0
0 0 0
0 0 0
0 0 0
0 0 0
0 0 0
0 0 0
0 0 0
0 0 0
0 0 0
0 0 0
0 0 0
00000077ab94d172a0ca58a8e9f3326508121b740d87816f7b1e1e749eb7d658
000000009639a0550c22313e2f3a1b9c740a14bd910edd9c7cf415f715926c5f

47 149064029
241 111 1
133 43 24
233 253 32
0 0 0
0 0 0
0 0 0
0 0 0
0 0 0
0 0 0
0 0 0
0 0 0
0 0 0
0 0 0
0 0 0
0 0 0
0 0 0
0 0 0
0 0 0
0 0 0
0 0 0
0 0 0
0 0 0
0 0 0
0 0 0
0 0 0
0 0 0
0 0 0
0 0 0
0 0 0
0 0 0
0 0 0
0 0 0
0 0 0
0 0 0
0 0 0
0 0 0
0 0 0
0 0 0
0 0 0
0 0 0
0 0 0
0 0 0
0 0 0
0 0 0
0 0 0
0 0 0
0 0 0
0 0 0
0 0 0
0 0 0
0 0 0
0 0 0
0 0 0
0 0 0
0 0 0
0 0 0
0 0 0
0 0 0
0 0 0
0 0 0
0 0 0
000000009639a0550c22313e2f3a1b9c740a14bd910edd9c7cf415f715926c5f
0000000012d7905042393bc1068e56154fa3a3d2af7cd177d4a7f1a7a8546d6d

48 8601558
11 160 25
14 69 33
105 31 26
205 111 33
42 163 32
112 34 11
128 238 30
70 23 14
78 63 1
15 219 41
0 0 0
0 0 0
0 0 0
0 0 0
0 0 0
0 0 0
0 0 0
0 0 0
0 0 0
0 0 0
0 0 0
0 0 0
0 0 0
0 0 0
0 0 0
0 0 0
0 0 0
0 0 0
0 0 0
0 0 0
0 0 0
0 0 0
0 0 0
0 0 0
0 0 0
0 0 0
0 0 0
0 0 0
0 0 0
0 0 0
0 0 0
0 0 0
0 0 0
0 0 0
0 0 0
0 0 0
0 0 0
0 0 0
0 0 0
0 0 0
0 0 0
0 0 0
0 0 0
0 0 0
0 0 0
0 0 0
0 0 0
0 0 0
0 0 0
0 0 0
0 0 0
0000000012d7905042393bc1068e56154fa3a3d2af7cd177d4a7f1a7a8546d6d
000000038acd5ffda20b82070bf38122b9b756d442576550b8995f483c1a60ef

49 1748788414
108 160 14
0 0 0
0 0 0
0 0 0
0 0 0
0 0 0
0 0 0
0 0 0
0 0 0
0 0 0
0 0 0
0 0 0
0 0 0
0 0 0
0 0 0
0 0 0
0 0 0
0 0 0
0 0 0
0 0 0
0 0 0
0 0 0
0 0 0
0 0 0
0 0 0
0 0 0
0 0 0
0 0 0
0 0 0
0 0 0
0 0 0
0 0 0
0 0 0
0 0 0
0 0 0
0 0 0
0 0 0
0 0 0
0 0 0
0 0 0
0 0 0
0 0 0
0 0 0
0 0 0
0 0 0
0 0 0
0 0 0
0 0 0
0 0 0
0 0 0
0 0 0
0 0 0
0 0 0
0 0 0
0 0 0
0 0 0
0 0 0
0 0 0
0 0 0
0 0 0
0 0 0
000000038acd5ffda20b82070bf38122b9b756d442576550b8995f483c1a60ef
00000000c37297efd382c794d70e94714c69c7da7148ccddb08ca0891dcf92e9

50 2169751791
135 158 15
21 11 34
67 13 20
46 221 42
22 56 44
29 70 8
209 35 30
0 0 0
0 0 0
0 0 0
0 0 0
0 0 0
0 0 0
0 0 0
0 0 0
0 0 0
0 0 0
0 0 0
0 0 0
0 0 0
0 0 0
0 0 0
0 0 0
0 0 0
0 0 0
0 0 0
0 0 0
0 0 0
0 0 0
0 0 0
0 0 0
0 0 0
0 0 0
0 0 0
0 0 0
0 0 0
0 0 0
0 0 0
0 0 0
0 0 0
0 0 0
0 0 0
0 0 0
0 0 0
0 0 0
0 0 0
0 0 0
0 0 0
0 0 0
0 0 0
0 0 0
0 0 0
0 0 0
0 0 0
0 0 0
0 0 0
0 0 0
0 0 0
0 0 0
0 0 0
0 0 0
00000000c37297efd382c794d70e94714c69c7da7148ccddb08ca0891dcf92e9
00000000690a0f726ae9a1b96e17f7756b8b839c348e82d2250372a22ea5b256

51 1652664467
220 115 13
216 166 48
25 50 3
86 170 20
178 85 33
116 73 12
178 235 47
167 197 34
28 7 22
228 121 36
181 37 42
13 76 40
39 135 9
42 176 35
182 74 29
0 107 37
158 78 19
25 194 12
0 0 0
0 0 0
0 0 0
0 0 0
0 0 0
0 0 0
0 0 0
0 0 0
0 0 0
0 0 0
0 0 0
0 0 0
0 0 0
0 0 0
0 0 0
0 0 0
0 0 0
0 0 0
0 0 0
0 0 0
0 0 0
0 0 0
0 0 0
0 0 0
0 0 0
0 0 0
0 0 0
0 0 0
0 0 0
0 0 0
0 0 0
0 0 0
0 0 0
0 0 0
0 0 0
0 0 0
0 0 0
0 0 0
0 0 0
0 0 0
0 0 0
0 0 0
0 0 0
00000000690a0f726ae9a1b96e17f7756b8b839c348e82d2250372a22ea5b256
000000003d0759509981fe97dbe0f434ad9d8b15446ac17b47f3b9fa7993bcb5

52 992180626
166 44 36
78 108 5
97 175 6
219 23 41
9 111 8
25 29 21
218 148 23
146 112 29
157 44 30
48 63 5
227 172 49
105 37 24
95 18 13
160 182 32
253 193 13
90 6 13
123 127 14
244 246 26
231 148 13
0 0 0
0 0 0
0 0 0
0 0 0
0 0 0
0 0 0
0 0 0
0 0 0
0 0 0
0 0 0
0 0 0
0 0 0
0 0 0
0 0 0
0 0 0
0 0 0
0 0 0
0 0 0
0 0 0
0 0 0
0 0 0
0 0 0
0 0 0
0 0 0
0 0 0
0 0 0
0 0 0
0 0 0
0 0 0
0 0 0
0 0 0
0 0 0
0 0 0
0 0 0
0 0 0
0 0 0
0 0 0
0 0 0
0 0 0
0 0 0
0 0 0
0 0 0
000000003d0759509981fe97dbe0f434ad9d8b15446ac17b47f3b9fa7993bcb5
000000007a867b73b8ff87b153a8bddcff6ffc4a0728888f1319e84538da2e2e

53 32145751
32 233 23
214 182 5
218 198 23
182 202 44
156 88 47
46 14 27
195 55 40
49 226 30
137 133 22
151 10 18
9 175 42
54 195 33
21 153 46
132 32 22
126 88 17
136 103 16
37 229 32
223 104 48
42 6 30
139 249 6
0 0 0
0 0 0
0 0 0
0 0 0
0 0 0
0 0 0
0 0 0
0 0 0
0 0 0
0 0 0
0 0 0
0 0 0
0 0 0
0 0 0
0 0 0
0 0 0
0 0 0
0 0 0
0 0 0
0 0 0
0 0 0
0 0 0
0 0 0
0 0 0
0 0 0
0 0 0
0 0 0
0 0 0
0 0 0
0 0 0
0 0 0
0 0 0
0 0 0
0 0 0
0 0 0
0 0 0
0 0 0
0 0 0
0 0 0
0 0 0
0 0 0
000000007a867b73b8ff87b153a8bddcff6ffc4a0728888f1319e84538da2e2e
00000000956a038e4c53765ccab55a0d24a1703e63afa6344978e5243730b640

54 916748310
136 53 20
8 83 9
190 136 34
151 170 8
0 0 0
0 0 0
0 0 0
0 0 0
0 0 0
0 0 0
0 0 0
0 0 0
0 0 0
0 0 0
0 0 0
0 0 0
0 0 0
0 0 0
0 0 0
0 0 0
0 0 0
0 0 0
0 0 0
0 0 0
0 0 0
0 0 0
0 0 0
0 0 0
0 0 0
0 0 0
0 0 0
0 0 0
0 0 0
0 0 0
0 0 0
0 0 0
0 0 0
0 0 0
0 0 0
0 0 0
0 0 0
0 0 0
0 0 0
0 0 0
0 0 0
0 0 0
0 0 0
0 0 0
0 0 0
0 0 0
0 0 0
0 0 0
0 0 0
0 0 0
0 0 0
0 0 0
0 0 0
0 0 0
0 0 0
0 0 0
0 0 0
00000000956a038e4c53765ccab55a0d24a1703e63afa6344978e5243730b640
00000000d2cd790bd2438b1558e169b8fe9491f31a683d6298f3dcf0c5270b22

55 1632226465
132 56 6
76 187 11
54 147 23
180 135 11
171 151 44
0 0 0
0 0 0
0 0 0
0 0 0
0 0 0
0 0 0
0 0 0
0 0 0
0 0 0
0 0 0
0 0 0
0 0 0
0 0 0
0 0 0
0 0 0
0 0 0
0 0 0
0 0 0
0 0 0
0 0 0
0 0 0
0 0 0
0 0 0
0 0 0
0 0 0
0 0 0
0 0 0
0 0 0
0 0 0
0 0 0
0 0 0
0 0 0
0 0 0
0 0 0
0 0 0
0 0 0
0 0 0
0 0 0
0 0 0
0 0 0
0 0 0
0 0 0
0 0 0
0 0 0
0 0 0
0 0 0
0 0 0
0 0 0
0 0 0
0 0 0
0 0 0
0 0 0
0 0 0
0 0 0
0 0 0
0 0 0
00000000d2cd790bd2438b1558e169b8fe9491f31a683d6298f3dcf0c5270b22
00000000480138d40ea8fa10998db7a83ff5d51cbc2000000000000000000000

56 4168060333
232 162 22
165 15 31
21 230 42
107 211 39
158 175 43
186 36 37
123 52 42
129 70 37
242 81 36
175 23 9
239 119 44
154 228 31
0 0 0
0 0 0
0 0 0
0 0 0
0 0 0
0 0 0
0 0 0
0 0 0
0 0 0
0 0 0
0 0 0
0 0 0
0 0 0
0 0 0
0 0 0
0 0 0
0 0 0
0 0 0
0 0 0
0 0 0
0 0 0
0 0 0
0 0 0
0 0 0
0 0 0
0 0 0
0 0 0
0 0 0
0 0 0
0 0 0
0 0 0
0 0 0
0 0 0
0 0 0
0 0 0
0 0 0
0 0 0
0 0 0
0 0 0
0 0 0
0 0 0
0 0 0
0 0 0
0 0 0
0 0 0
0 0 0
0 0 0
0 0 0
0 0 0
00000000480138d40ea8fa10998db7a83ff5d51cbc2000000000000000000000
0000000098ae223f2538cca37cac6c54c71210df9dc4f0b57c7a8538f6396dd5

57 4087193152
158 214 31
220 22 42
160 212 6
102 168 36
216 215 34
221 155 41
197 99 28
2 35 42
184 16 43
36 204 43
179 39 5
233 182 25
189 153 3
253 216 12
0 0 0
0 0 0
0 0 0
0 0 0
0 0 0
0 0 0
0 0 0
0 0 0
0 0 0
0 0 0
0 0 0
0 0 0
0 0 0
0 0 0
0 0 0
0 0 0
0 0 0
0 0 0
0 0 0
0 0 0
0 0 0
0 0 0
0 0 0
0 0 0
0 0 0
0 0 0
0 0 0
0 0 0
0 0 0
0 0 0
0 0 0
0 0 0
0 0 0
0 0 0
0 0 0
0 0 0
0 0 0
0 0 0
0 0 0
0 0 0
0 0 0
0 0 0
0 0 0
0 0 0
0 0 0
0 0 0
0 0 0
0000000098ae223f2538cca37cac6c54c71210df9dc4f0b57c7a8538f6396dd5
000000005d72f8885b0bd8c83759f9e7b48963fafa82cd32ecd3af8ebc359ce3

58 506575329
166 154 31
40 0 20
199 151 17
118 65 16
0 0 0
0 0 0
0 0 0
0 0 0
0 0 0
0 0 0
0 0 0
0 0 0
0 0 0
0 0 0
0 0 0
0 0 0
0 0 0
0 0 0
0 0 0
0 0 0
0 0 0
0 0 0
0 0 0
0 0 0
0 0 0
0 0 0
0 0 0
0 0 0
0 0 0
0 0 0
0 0 0
0 0 0
0 0 0
0 0 0
0 0 0
0 0 0
0 0 0
0 0 0
0 0 0
0 0 0
0 0 0
0 0 0
0 0 0
0 0 0
0 0 0
0 0 0
0 0 0
0 0 0
0 0 0
0 0 0
0 0 0
0 0 0
0 0 0
0 0 0
0 0 0
0 0 0
0 0 0
0 0 0
0 0 0
0 0 0
0 0 0
000000005d72f8885b0bd8c83759f9e7b48963fafa82cd32ecd3af8ebc359ce3
000000007bd4c7d6a90b2d1789aa200000000000000000000000000000000000

59 1331316765
139 154 32
80 137 25
146 120 1
126 87 4
137 245 39
227 94 30
42 40 16
179 146 9
74 186 18
195 182 37
197 254 14
161 1 9
34 132 18
249 156 14
42 142 24
9 8 18
189 188 12
96 191 14
183 237 16
119 38 44
0 0 0
0 0 0
0 0 0
0 0 0
0 0 0
0 0 0
0 0 0
0 0 0
0 0 0
0 0 0
0 0 0
0 0 0
0 0 0
0 0 0
0 0 0
0 0 0
0 0 0
0 0 0
0 0 0
0 0 0
0 0 0
0 0 0
0 0 0
0 0 0
0 0 0
0 0 0
0 0 0
0 0 0
0 0 0
0 0 0
0 0 0
0 0 0
0 0 0
0 0 0
0 0 0
0 0 0
0 0 0
0 0 0
0 0 0
0 0 0
0 0 0
000000007bd4c7d6a90b2d1789aa200000000000000000000000000000000000
0000000054559f87dcdcf630dfc14c9a0ebf2eed819761cfb7e0dcecaa225cec

60 419528085
1 28 2
112 239 46
98 253 11
0 0 0
0 0 0
0 0 0
0 0 0
0 0 0
0 0 0
0 0 0
0 0 0
0 0 0
0 0 0
0 0 0
0 0 0
0 0 0
0 0 0
0 0 0
0 0 0
0 0 0
0 0 0
0 0 0
0 0 0
0 0 0
0 0 0
0 0 0
0 0 0
0 0 0
0 0 0
0 0 0
0 0 0
0 0 0
0 0 0
0 0 0
0 0 0
0 0 0
0 0 0
0 0 0
0 0 0
0 0 0
0 0 0
0 0 0
0 0 0
0 0 0
0 0 0
0 0 0
0 0 0
0 0 0
0 0 0
0 0 0
0 0 0
0 0 0
0 0 0
0 0 0
0 0 0
0 0 0
0 0 0
0 0 0
0 0 0
0 0 0
0 0 0
0000000054559f87dcdcf630dfc14c9a0ebf2eed819761cfb7e0dcecaa225cec
0000000096910176313c56aec3891dd8b8e39219d6e780f2ad3cfee2502fc383

61 2848612141
152 43 18
137 241 7
165 106 48
96 108 29
208 207 25
240 88 5
212 78 31
92 65 44
105 191 6
20 166 49
105 4 12
209 153 14
200 103 17
0 0 0
0 0 0
0 0 0
0 0 0
0 0 0
0 0 0
0 0 0
0 0 0
0 0 0
0 0 0
0 0 0
0 0 0
0 0 0
0 0 0
0 0 0
0 0 0
0 0 0
0 0 0
0 0 0
0 0 0
0 0 0
0 0 0
0 0 0
0 0 0
0 0 0
0 0 0
0 0 0
0 0 0
0 0 0
0 0 0
0 0 0
0 0 0
0 0 0
0 0 0
0 0 0
0 0 0
0 0 0
0 0 0
0 0 0
0 0 0
0 0 0
0 0 0
0 0 0
0 0 0
0 0 0
0 0 0
0 0 0
0 0 0
0000000096910176313c56aec3891dd8b8e39219d6e780f2ad3cfee2502fc383
00000000e5a2e0be3845b6e1b6dfc1d64b410256cf47347f8344e3243a1db3c1

62 10179417
41 49 35
194 212 5
79 245 24
63 53 38
202 6 13
26 58 42
235 43 5
0 0 0
0 0 0
0 0 0
0 0 0
0 0 0
0 0 0
0 0 0
0 0 0
0 0 0
0 0 0
0 0 0
0 0 0
0 0 0
0 0 0
0 0 0
0 0 0
0 0 0
0 0 0
0 0 0
0 0 0
0 0 0
0 0 0
0 0 0
0 0 0
0 0 0
0 0 0
0 0 0
0 0 0
0 0 0
0 0 0
0 0 0
0 0 0
0 0 0
0 0 0
0 0 0
0 0 0
0 0 0
0 0 0
0 0 0
0 0 0
0 0 0
0 0 0
0 0 0
0 0 0
0 0 0
0 0 0
0 0 0
0 0 0
0 0 0
0 0 0
0 0 0
0 0 0
0 0 0
0 0 0
00000000e5a2e0be3845b6e1b6dfc1d64b410256cf47347f8344e3243a1db3c1
000000b44cca9f87e79509848392c42000000000000000000000000000000000

63 2949498257
4 91 6
187 191 23
151 137 41
132 56 26
132 213 29
195 121 8
165 18 38
130 26 34
249 79 26
4 167 32
21 98 44
248 177 10
130 62 10
59 124 14
66 29 21
0 0 0
0 0 0
0 0 0
0 0 0
0 0 0
0 0 0
0 0 0
0 0 0
0 0 0
0 0 0
0 0 0
0 0 0
0 0 0
0 0 0
0 0 0
0 0 0
0 0 0
0 0 0
0 0 0
0 0 0
0 0 0
0 0 0
0 0 0
0 0 0
0 0 0
0 0 0
0 0 0
0 0 0
0 0 0
0 0 0
0 0 0
0 0 0
0 0 0
0 0 0
0 0 0
0 0 0
0 0 0
0 0 0
0 0 0
0 0 0
0 0 0
0 0 0
0 0 0
0 0 0
0 0 0
0 0 0
000000b44cca9f87e79509848392c42000000000000000000000000000000000
000000009ebf91bb49f2e02da7b8b0073b2f1205b896e1200000000000000000

64 1525672715
167 149 39
170 214 20
253 86 44
70 205 10
241 144 15
25 105 20
13 101 31
54 129 22
236 49 42
110 235 24
66 218 29
212 48 12
224 16 23
111 183 48
85 181 47
59 28 14
35 18 23
217 212 24
104 216 40
235 218 15
0 0 0
0 0 0
0 0 0
0 0 0
0 0 0
0 0 0
0 0 0
0 0 0
0 0 0
0 0 0
0 0 0
0 0 0
0 0 0
0 0 0
0 0 0
0 0 0
0 0 0
0 0 0
0 0 0
0 0 0
0 0 0
0 0 0
0 0 0
0 0 0
0 0 0
0 0 0
0 0 0
0 0 0
0 0 0
0 0 0
0 0 0
0 0 0
0 0 0
0 0 0
0 0 0
0 0 0
0 0 0
0 0 0
0 0 0
0 0 0
0 0 0
000000009ebf91bb49f2e02da7b8b0073b2f1205b896e1200000000000000000
00000000e3fd3523fdca3c05cfdcb93bdeac5c9473c901dc77e8cf3c0f601e9f

65 2433240
207 39 37
190 147 7
59 7 32
122 27 40
89 101 31
98 177 36
179 210 9
0 0 0
0 0 0
0 0 0
0 0 0
0 0 0
0 0 0
0 0 0
0 0 0
0 0 0
0 0 0
0 0 0
0 0 0
0 0 0
0 0 0
0 0 0
0 0 0
0 0 0
0 0 0
0 0 0
0 0 0
0 0 0
0 0 0
0 0 0
0 0 0
0 0 0
0 0 0
0 0 0
0 0 0
0 0 0
0 0 0
0 0 0
0 0 0
0 0 0
0 0 0
0 0 0
0 0 0
0 0 0
0 0 0
0 0 0
0 0 0
0 0 0
0 0 0
0 0 0
0 0 0
0 0 0
0 0 0
0 0 0
0 0 0
0 0 0
0 0 0
0 0 0
0 0 0
0 0 0
0 0 0
00000000e3fd3523fdca3c05cfdcb93bdeac5c9473c901dc77e8cf3c0f601e9f
0000009beab5e9be9b2a6718a3a6329acdb474e92f45c7adecfee89f16e55d7f

66 167747566
132 30 9
228 29 35
157 192 1
160 23 49
49 21 27
178 205 16
18 219 49
32 228 28
195 152 39
165 126 19
23 225 26
0 0 0
0 0 0
0 0 0
0 0 0
0 0 0
0 0 0
0 0 0
0 0 0
0 0 0
0 0 0
0 0 0
0 0 0
0 0 0
0 0 0
0 0 0
0 0 0
0 0 0
0 0 0
0 0 0
0 0 0
0 0 0
0 0 0
0 0 0
0 0 0
0 0 0
0 0 0
0 0 0
0 0 0
0 0 0
0 0 0
0 0 0
0 0 0
0 0 0
0 0 0
0 0 0
0 0 0
0 0 0
0 0 0
0 0 0
0 0 0
0 0 0
0 0 0
0 0 0
0 0 0
0 0 0
0 0 0
0 0 0
0 0 0
0 0 0
0 0 0
0000009beab5e9be9b2a6718a3a6329acdb474e92f45c7adecfee89f16e55d7f
000000006bf5396624a2f28cd5bcac5f8ec1c43bf7283377cca0f884d698510d

67 16505300
120 156 38
91 94 5
36 215 18
190 250 15
237 54 41
123 254 39
213 39 45
189 131 18
191 82 4
205 182 44
0 0 0
0 0 0
0 0 0
0 0 0
0 0 0
0 0 0
0 0 0
0 0 0
0 0 0
0 0 0
0 0 0
0 0 0
0 0 0
0 0 0
0 0 0
0 0 0
0 0 0
0 0 0
0 0 0
0 0 0
0 0 0
0 0 0
0 0 0
0 0 0
0 0 0
0 0 0
0 0 0
0 0 0
0 0 0
0 0 0
0 0 0
0 0 0
0 0 0
0 0 0
0 0 0
0 0 0
0 0 0
0 0 0
0 0 0
0 0 0
0 0 0
0 0 0
0 0 0
0 0 0
0 0 0
0 0 0
0 0 0
0 0 0
0 0 0
0 0 0
0 0 0
000000006bf5396624a2f28cd5bcac5f8ec1c43bf7283377cca0f884d698510d
000000f3d7d6300f6139baf77c5b693ce399b2f9c5e58308d102b0c9d7520864

68 27922682
242 95 10
91 19 44
139 130 40
222 66 32
113 233 47
27 198 20
6 216 33
24 119 43
88 131 38
158 220 11
192 219 1
121 185 25
34 119 28
109 236 3
19 0 10
227 230 28
186 32 4
0 0 0
0 0 0
0 0 0
0 0 0
0 0 0
0 0 0
0 0 0
0 0 0
0 0 0
0 0 0
0 0 0
0 0 0
0 0 0
0 0 0
0 0 0
0 0 0
0 0 0
0 0 0
0 0 0
0 0 0
0 0 0
0 0 0
0 0 0
0 0 0
0 0 0
0 0 0
0 0 0
0 0 0
0 0 0
0 0 0
0 0 0
0 0 0
0 0 0
0 0 0
0 0 0
0 0 0
0 0 0
0 0 0
0 0 0
0 0 0
0 0 0
0 0 0
0 0 0
0 0 0
000000f3d7d6300f6139baf77c5b693ce399b2f9c5e58308d102b0c9d7520864
0000005684304b038d94c27b63ea3e7c6ff4a13e91a64d17fd38da5281d6bfc5

69 1721381
28 127 18
13 109 47
12 204 45
195 218 13
242 254 9
0 0 0
0 0 0
0 0 0
0 0 0
0 0 0
0 0 0
0 0 0
0 0 0
0 0 0
0 0 0
0 0 0
0 0 0
0 0 0
0 0 0
0 0 0
0 0 0
0 0 0
0 0 0
0 0 0
0 0 0
0 0 0
0 0 0
0 0 0
0 0 0
0 0 0
0 0 0
0 0 0
0 0 0
0 0 0
0 0 0
0 0 0
0 0 0
0 0 0
0 0 0
0 0 0
0 0 0
0 0 0
0 0 0
0 0 0
0 0 0
0 0 0
0 0 0
0 0 0
0 0 0
0 0 0
0 0 0
0 0 0
0 0 0
0 0 0
0 0 0
0 0 0
0 0 0
0 0 0
0 0 0
0 0 0
0 0 0
0000005684304b038d94c27b63ea3e7c6ff4a13e91a64d17fd38da5281d6bfc5
000000264ca5ca5fa529a73117a0f36a37812427e0e27eed986fb6f156732deb

70 19409670
135 225 26
142 96 4
37 17 41
146 135 13
183 93 22
152 67 42
124 175 7
181 176 40
146 40 44
72 177 14
249 194 41
225 214 39
176 31 18
96 65 47
108 6 30
0 0 0
0 0 0
0 0 0
0 0 0
0 0 0
0 0 0
0 0 0
0 0 0
0 0 0
0 0 0
0 0 0
0 0 0
0 0 0
0 0 0
0 0 0
0 0 0
0 0 0
0 0 0
0 0 0
0 0 0
0 0 0
0 0 0
0 0 0
0 0 0
0 0 0
0 0 0
0 0 0
0 0 0
0 0 0
0 0 0
0 0 0
0 0 0
0 0 0
0 0 0
0 0 0
0 0 0
0 0 0
0 0 0
0 0 0
0 0 0
0 0 0
0 0 0
0 0 0
0 0 0
0 0 0
0 0 0
000000264ca5ca5fa529a73117a0f36a37812427e0e27eed986fb6f156732deb
000000daefd31d1fa2168ca7ae1737b669ade391bee72a6079a789a9871e30af

71 1735436209
140 24 45
102 196 32
219 128 33
214 195 21
222 130 45
110 154 34
217 37 29
205 132 17
171 83 34
29 41 31
97 118 28
184 22 26
144 28 34
132 49 41
101 160 20
2 7 1
0 0 0
0 0 0
0 0 0
0 0 0
0 0 0
0 0 0
0 0 0
0 0 0
0 0 0
0 0 0
0 0 0
0 0 0
0 0 0
0 0 0
0 0 0
0 0 0
0 0 0
0 0 0
0 0 0
0 0 0
0 0 0
0 0 0
0 0 0
0 0 0
0 0 0
0 0 0
0 0 0
0 0 0
0 0 0
0 0 0
0 0 0
0 0 0
0 0 0
0 0 0
0 0 0
0 0 0
0 0 0
0 0 0
0 0 0
0 0 0
0 0 0
0 0 0
0 0 0
0 0 0
0 0 0
000000daefd31d1fa2168ca7ae1737b669ade391bee72a6079a789a9871e30af
00000000f4628f2d8e04dd2cd825a9302ddaa87652da2f811aea1ae9e4bcd6a2

72 2028640
54 172 43
168 92 32
148 149 25
29 248 12
253 184 8
131 129 2
238 77 23
45 108 17
72 111 27
24 89 38
222 99 46
122 48 45
193 109 4
33 185 18
237 153 15
100 114 25
169 2 10
0 0 0
0 0 0
0 0 0
0 0 0
0 0 0
0 0 0
0 0 0
0 0 0
0 0 0
0 0 0
0 0 0
0 0 0
0 0 0
0 0 0
0 0 0
0 0 0
0 0 0
0 0 0
0 0 0
0 0 0
0 0 0
0 0 0
0 0 0
0 0 0
0 0 0
0 0 0
0 0 0
0 0 0
0 0 0
0 0 0
0 0 0
0 0 0
0 0 0
0 0 0
0 0 0
0 0 0
0 0 0
0 0 0
0 0 0
0 0 0
0 0 0
0 0 0
0 0 0
0 0 0
00000000f4628f2d8e04dd2cd825a9302ddaa87652da2f811aea1ae9e4bcd6a2
000000b406fb09f42d9b4d441020000000000000000000000000000000000000

73 518477889
88 81 2
87 23 9
57 59 47
236 157 19
172 50 21
238 222 14
120 56 5
23 141 22
141 133 27
152 2 42
5 45 34
0 0 0
0 0 0
0 0 0
0 0 0
0 0 0
0 0 0
0 0 0
0 0 0
0 0 0
0 0 0
0 0 0
0 0 0
0 0 0
0 0 0
0 0 0
0 0 0
0 0 0
0 0 0
0 0 0
0 0 0
0 0 0
0 0 0
0 0 0
0 0 0
0 0 0
0 0 0
0 0 0
0 0 0
0 0 0
0 0 0
0 0 0
0 0 0
0 0 0
0 0 0
0 0 0
0 0 0
0 0 0
0 0 0
0 0 0
0 0 0
0 0 0
0 0 0
0 0 0
0 0 0
0 0 0
0 0 0
0 0 0
0 0 0
0 0 0
0 0 0
000000b406fb09f42d9b4d441020000000000000000000000000000000000000
0000000016f9f807b89c456d6bb727717571377fb160422c6d57655831499d3b

74 14147069
242 64 43
179 124 41
157 76 34
27 143 28
38 138 24
126 196 23
100 23 10
52 73 10
102 47 6
0 0 0
0 0 0
0 0 0
0 0 0
0 0 0
0 0 0
0 0 0
0 0 0
0 0 0
0 0 0
0 0 0
0 0 0
0 0 0
0 0 0
0 0 0
0 0 0
0 0 0
0 0 0
0 0 0
0 0 0
0 0 0
0 0 0
0 0 0
0 0 0
0 0 0
0 0 0
0 0 0
0 0 0
0 0 0
0 0 0
0 0 0
0 0 0
0 0 0
0 0 0
0 0 0
0 0 0
0 0 0
0 0 0
0 0 0
0 0 0
0 0 0
0 0 0
0 0 0
0 0 0
0 0 0
0 0 0
0 0 0
0 0 0
0 0 0
0 0 0
0 0 0
0 0 0
0000000016f9f807b89c456d6bb727717571377fb160422c6d57655831499d3b
0000003c7d73a21e458810cfde9d23170b8112512dccddd3b3c1427c4b9397a8

75 39526867
72 133 13
39 198 25
222 54 34
44 113 25
185 241 44
17 228 1
237 44 24
31 234 29
137 175 45
236 62 22
149 164 13
235 20 33
116 196 24
66 40 26
129 175 9
58 121 44
0 0 0
0 0 0
0 0 0
0 0 0
0 0 0
0 0 0
0 0 0
0 0 0
0 0 0
0 0 0
0 0 0
0 0 0
0 0 0
0 0 0
0 0 0
0 0 0
0 0 0
0 0 0
0 0 0
0 0 0
0 0 0
0 0 0
0 0 0
0 0 0
0 0 0
0 0 0
0 0 0
0 0 0
0 0 0
0 0 0
0 0 0
0 0 0
0 0 0
0 0 0
0 0 0
0 0 0
0 0 0
0 0 0
0 0 0
0 0 0
0 0 0
0 0 0
0 0 0
0 0 0
0 0 0
0000003c7d73a21e458810cfde9d23170b8112512dccddd3b3c1427c4b9397a8
00000000e10a37d2b9b92d6fcea115dc945c989019e9d48edbe71a05e1e56e79

76 7133700
147 132 42
135 44 45
87 244 10
39 127 27
50 175 39
0 0 0
0 0 0
0 0 0
0 0 0
0 0 0
0 0 0
0 0 0
0 0 0
0 0 0
0 0 0
0 0 0
0 0 0
0 0 0
0 0 0
0 0 0
0 0 0
0 0 0
0 0 0
0 0 0
0 0 0
0 0 0
0 0 0
0 0 0
0 0 0
0 0 0
0 0 0
0 0 0
0 0 0
0 0 0
0 0 0
0 0 0
0 0 0
0 0 0
0 0 0
0 0 0
0 0 0
0 0 0
0 0 0
0 0 0
0 0 0
0 0 0
0 0 0
0 0 0
0 0 0
0 0 0
0 0 0
0 0 0
0 0 0
0 0 0
0 0 0
0 0 0
0 0 0
0 0 0
0 0 0
0 0 0
0 0 0
00000000e10a37d2b9b92d6fcea115dc945c989019e9d48edbe71a05e1e56e79
0000003fad7a254e565665726ec4ce0a833bf1cf233cc6dc1e852e96e6e4f6c1

77 4011748281
52 222 26
168 115 45
194 168 14
213 169 36
147 61 46
79 129 25
244 57 9
55 3 25
0 0 0
0 0 0
0 0 0
0 0 0
0 0 0
0 0 0
0 0 0
0 0 0
0 0 0
0 0 0
0 0 0
0 0 0
0 0 0
0 0 0
0 0 0
0 0 0
0 0 0
0 0 0
0 0 0
0 0 0
0 0 0
0 0 0
0 0 0
0 0 0
0 0 0
0 0 0
0 0 0
0 0 0
0 0 0
0 0 0
0 0 0
0 0 0
0 0 0
0 0 0
0 0 0
0 0 0
0 0 0
0 0 0
0 0 0
0 0 0
0 0 0
0 0 0
0 0 0
0 0 0
0 0 0
0 0 0
0 0 0
0 0 0
0 0 0
0 0 0
0 0 0
0 0 0
0 0 0
0000003fad7a254e565665726ec4ce0a833bf1cf233cc6dc1e852e96e6e4f6c1
00000000a9d85db623f3090ce2c1743dc8576f1b9221c5354c5c7fa7cb7b94cd

78 389606248
248 175 3
168 253 11
79 53 33
20 56 10
24 48 5
143 203 2
43 79 9
132 227 13
15 142 34
136 88 37
166 170 34
34 99 31
221 197 38
210 137 11
0 0 0
0 0 0
0 0 0
0 0 0
0 0 0
0 0 0
0 0 0
0 0 0
0 0 0
0 0 0
0 0 0
0 0 0
0 0 0
0 0 0
0 0 0
0 0 0
0 0 0
0 0 0
0 0 0
0 0 0
0 0 0
0 0 0
0 0 0
0 0 0
0 0 0
0 0 0
0 0 0
0 0 0
0 0 0
0 0 0
0 0 0
0 0 0
0 0 0
0 0 0
0 0 0
0 0 0
0 0 0
0 0 0
0 0 0
0 0 0
0 0 0
0 0 0
0 0 0
0 0 0
0 0 0
0 0 0
0 0 0
00000000a9d85db623f3090ce2c1743dc8576f1b9221c5354c5c7fa7cb7b94cd
00000000569ec4c72fdb2bb37f172bd89642dccd87c3297a8d8f1f08b9feb45b

79 2838313751
57 36 8
195 61 29
33 189 35
46 172 2
93 81 22
112 115 8
0 0 0
0 0 0
0 0 0
0 0 0
0 0 0
0 0 0
0 0 0
0 0 0
0 0 0
0 0 0
0 0 0
0 0 0
0 0 0
0 0 0
0 0 0
0 0 0
0 0 0
0 0 0
0 0 0
0 0 0
0 0 0
0 0 0
0 0 0
0 0 0
0 0 0
0 0 0
0 0 0
0 0 0
0 0 0
0 0 0
0 0 0
0 0 0
0 0 0
0 0 0
0 0 0
0 0 0
0 0 0
0 0 0
0 0 0
0 0 0
0 0 0
0 0 0
0 0 0
0 0 0
0 0 0
0 0 0
0 0 0
0 0 0
0 0 0
0 0 0
0 0 0
0 0 0
0 0 0
0 0 0
0 0 0
00000000569ec4c72fdb2bb37f172bd89642dccd87c3297a8d8f1f08b9feb45b
00000000a77ccaad021ca05f26d536344c35511496d6918babcf6de0b85d47b1

80 4706056
18 198 32
74 163 42
10 101 49
166 154 46
183 63 17
145 0 31
7 73 6
178 128 22
240 32 34
225 142 12
231 192 13
248 59 49
147 30 12
24 160 25
223 101 3
95 104 24
82 51 34
187 212 49
244 235 5
0 0 0
0 0 0
0 0 0
0 0 0
0 0 0
0 0 0
0 0 0
0 0 0
0 0 0
0 0 0
0 0 0
0 0 0
0 0 0
0 0 0
0 0 0
0 0 0
0 0 0
0 0 0
0 0 0
0 0 0
0 0 0
0 0 0
0 0 0
0 0 0
0 0 0
0 0 0
0 0 0
0 0 0
0 0 0
0 0 0
0 0 0
0 0 0
0 0 0
0 0 0
0 0 0
0 0 0
0 0 0
0 0 0
0 0 0
0 0 0
0 0 0
0 0 0
00000000a77ccaad021ca05f26d536344c35511496d6918babcf6de0b85d47b1
0000002c717b4a9517c8dde5cdf021773518da957af2ce7961ccc66f41481489

81 32003190
162 143 20
243 44 10
24 155 40
150 102 22
35 100 47
56 171 42
2 236 35
18 112 30
6 177 20
137 222 34
25 96 8
93 84 30
0 0 0
0 0 0
0 0 0
0 0 0
0 0 0
0 0 0
0 0 0
0 0 0
0 0 0
0 0 0
0 0 0
0 0 0
0 0 0
0 0 0
0 0 0
0 0 0
0 0 0
0 0 0
0 0 0
0 0 0
0 0 0
0 0 0
0 0 0
0 0 0
0 0 0
0 0 0
0 0 0
0 0 0
0 0 0
0 0 0
0 0 0
0 0 0
0 0 0
0 0 0
0 0 0
0 0 0
0 0 0
0 0 0
0 0 0
0 0 0
0 0 0
0 0 0
0 0 0
0 0 0
0 0 0
0 0 0
0 0 0
0 0 0
0 0 0
0000002c717b4a9517c8dde5cdf021773518da957af2ce7961ccc66f41481489
0000008b600e82936d21f6c2faed424819ddd76d776abd3b3806e42a642deb6a

82 3778076119
13 203 31
92 59 23
97 195 11
22 180 38
232 166 3
81 179 33
171 109 44
219 103 31
77 78 10
211 131 29
15 185 1
33 152 36
140 111 45
102 122 18
113 61 42
55 79 20
0 0 0
0 0 0
0 0 0
0 0 0
0 0 0
0 0 0
0 0 0
0 0 0
0 0 0
0 0 0
0 0 0
0 0 0
0 0 0
0 0 0
0 0 0
0 0 0
0 0 0
0 0 0
0 0 0
0 0 0
0 0 0
0 0 0
0 0 0
0 0 0
0 0 0
0 0 0
0 0 0
0 0 0
0 0 0
0 0 0
0 0 0
0 0 0
0 0 0
0 0 0
0 0 0
0 0 0
0 0 0
0 0 0
0 0 0
0 0 0
0 0 0
0 0 0
0 0 0
0 0 0
0 0 0
0000008b600e82936d21f6c2faed424819ddd76d776abd3b3806e42a642deb6a
000000000dd387287e3db691a74f6b393066ddfcb615c0612d8672881fd627fb

83 4188090
92 188 9
73 112 27
247 70 49
103 84 25
4 69 17
7 71 9
18 36 22
189 169 20
48 49 16
87 130 47
0 0 0
0 0 0
0 0 0
0 0 0
0 0 0
0 0 0
0 0 0
0 0 0
0 0 0
0 0 0
0 0 0
0 0 0
0 0 0
0 0 0
0 0 0
0 0 0
0 0 0
0 0 0
0 0 0
0 0 0
0 0 0
0 0 0
0 0 0
0 0 0
0 0 0
0 0 0
0 0 0
0 0 0
0 0 0
0 0 0
0 0 0
0 0 0
0 0 0
0 0 0
0 0 0
0 0 0
0 0 0
0 0 0
0 0 0
0 0 0
0 0 0
0 0 0
0 0 0
0 0 0
0 0 0
0 0 0
0 0 0
0 0 0
0 0 0
0 0 0
0 0 0
000000000dd387287e3db691a74f6b393066ddfcb615c0612d8672881fd627fb
0000009cc976c33ccd8b824a90b619a3ffbb4d3b112513e00f21adc2f2ba94f2

84 6278803
45 28 35
237 152 14
150 74 37
254 242 42
21 71 49
119 187 16
131 195 16
114 233 48
179 188 32
22 227 11
241 1 33
103 153 49
18 130 43
0 0 0
0 0 0
0 0 0
0 0 0
0 0 0
0 0 0
0 0 0
0 0 0
0 0 0
0 0 0
0 0 0
0 0 0
0 0 0
0 0 0
0 0 0
0 0 0
0 0 0
0 0 0
0 0 0
0 0 0
0 0 0
0 0 0
0 0 0
0 0 0
0 0 0
0 0 0
0 0 0
0 0 0
0 0 0
0 0 0
0 0 0
0 0 0
0 0 0
0 0 0
0 0 0
0 0 0
0 0 0
0 0 0
0 0 0
0 0 0
0 0 0
0 0 0
0 0 0
0 0 0
0 0 0
0 0 0
0 0 0
0 0 0
0000009cc976c33ccd8b824a90b619a3ffbb4d3b112513e00f21adc2f2ba94f2
0000002b01a029923576f1c0d51b36e9f045ef5d51f2961f99532d3d30067826

85 3021094373
46 2 49
0 30 25
21 129 47
55 223 4
2 76 28
217 156 18
72 202 15
171 73 36
249 220 18
20 122 42
121 20 40
149 205 40
150 47 30
152 75 14
163 205 48
252 218 8
185 4 22
72 148 44
182 207 23
29 238 33
0 0 0
0 0 0
0 0 0
0 0 0
0 0 0
0 0 0
0 0 0
0 0 0
0 0 0
0 0 0
0 0 0
0 0 0
0 0 0
0 0 0
0 0 0
0 0 0
0 0 0
0 0 0
0 0 0
0 0 0
0 0 0
0 0 0
0 0 0
0 0 0
0 0 0
0 0 0
0 0 0
0 0 0
0 0 0
0 0 0
0 0 0
0 0 0
0 0 0
0 0 0
0 0 0
0 0 0
0 0 0
0 0 0
0 0 0
0 0 0
0 0 0
0000002b01a029923576f1c0d51b36e9f045ef5d51f2961f99532d3d30067826
00000000a00ec740681efe4264d9ce384aa38ee18551771c8c794ad1812d2fd6

86 658942288
201 80 42
114 37 6
210 160 1
0 0 0
0 0 0
0 0 0
0 0 0
0 0 0
0 0 0
0 0 0
0 0 0
0 0 0
0 0 0
0 0 0
0 0 0
0 0 0
0 0 0
0 0 0
0 0 0
0 0 0
0 0 0
0 0 0
0 0 0
0 0 0
0 0 0
0 0 0
0 0 0
0 0 0
0 0 0
0 0 0
0 0 0
0 0 0
0 0 0
0 0 0
0 0 0
0 0 0
0 0 0
0 0 0
0 0 0
0 0 0
0 0 0
0 0 0
0 0 0
0 0 0
0 0 0
0 0 0
0 0 0
0 0 0
0 0 0
0 0 0
0 0 0
0 0 0
0 0 0
0 0 0
0 0 0
0 0 0
0 0 0
0 0 0
0 0 0
0 0 0
0 0 0
00000000a00ec740681efe4264d9ce384aa38ee18551771c8c794ad1812d2fd6
000000006dc04eafeb6597901090e2dc396b65dc24ba393927ee8f68a895ed53

87 1336504
218 229 9
34 14 35
155 134 30
37 103 48
0 0 0
0 0 0
0 0 0
0 0 0
0 0 0
0 0 0
0 0 0
0 0 0
0 0 0
0 0 0
0 0 0
0 0 0
0 0 0
0 0 0
0 0 0
0 0 0
0 0 0
0 0 0
0 0 0
0 0 0
0 0 0
0 0 0
0 0 0
0 0 0
0 0 0
0 0 0
0 0 0
0 0 0
0 0 0
0 0 0
0 0 0
0 0 0
0 0 0
0 0 0
0 0 0
0 0 0
0 0 0
0 0 0
0 0 0
0 0 0
0 0 0
0 0 0
0 0 0
0 0 0
0 0 0
0 0 0
0 0 0
0 0 0
0 0 0
0 0 0
0 0 0
0 0 0
0 0 0
0 0 0
0 0 0
0 0 0
0 0 0
000000006dc04eafeb6597901090e2dc396b65dc24ba393927ee8f68a895ed53
000000704dd29e5e77e0e36de6edaaf09147fce6e4a8dd693419fb822b46b0c9

88 304090450
172 216 7
111 138 5
224 174 9
147 80 15
95 53 20
133 36 27
204 26 28
169 129 29
90 205 3
89 148 19
211 204 31
144 60 35
159 97 5
55 151 32
180 128 34
95 130 34
50 72 31
246 76 25
109 110 23
69 33 39
0 0 0
0 0 0
0 0 0
0 0 0
0 0 0
0 0 0
0 0 0
0 0 0
0 0 0
0 0 0
0 0 0
0 0 0
0 0 0
0 0 0
0 0 0
0 0 0
0 0 0
0 0 0
0 0 0
0 0 0
0 0 0
0 0 0
0 0 0
0 0 0
0 0 0
0 0 0
0 0 0
0 0 0
0 0 0
0 0 0
0 0 0
0 0 0
0 0 0
0 0 0
0 0 0
0 0 0
0 0 0
0 0 0
0 0 0
0 0 0
0 0 0
000000704dd29e5e77e0e36de6edaaf09147fce6e4a8dd693419fb822b46b0c9
00000000ba299d5ee22327721b7cce4b51240b6b8710a33ccf619601954deeef

89 3138386844
142 110 11
0 0 0
0 0 0
0 0 0
0 0 0
0 0 0
0 0 0
0 0 0
0 0 0
0 0 0
0 0 0
0 0 0
0 0 0
0 0 0
0 0 0
0 0 0
0 0 0
0 0 0
0 0 0
0 0 0
0 0 0
0 0 0
0 0 0
0 0 0
0 0 0
0 0 0
0 0 0
0 0 0
0 0 0
0 0 0
0 0 0
0 0 0
0 0 0
0 0 0
0 0 0
0 0 0
0 0 0
0 0 0
0 0 0
0 0 0
0 0 0
0 0 0
0 0 0
0 0 0
0 0 0
0 0 0
0 0 0
0 0 0
0 0 0
0 0 0
0 0 0
0 0 0
0 0 0
0 0 0
0 0 0
0 0 0
0 0 0
0 0 0
0 0 0
0 0 0
0 0 0
00000000ba299d5ee22327721b7cce4b51240b6b8710a33ccf619601954deeef
00000000f6d64751a99f52128ca52fc01518f2e6ebe43e4ecbc5fa79c60c0ad8

90 3839445792
183 135 24
115 132 48
2 79 47
191 7 34
172 128 25
59 100 3
19 226 20
6 219 41
22 140 49
36 100 4
76 40 34
76 23 42
26 142 41
242 67 25
0 0 0
0 0 0
0 0 0
0 0 0
0 0 0
0 0 0
0 0 0
0 0 0
0 0 0
0 0 0
0 0 0
0 0 0
0 0 0
0 0 0
0 0 0
0 0 0
0 0 0
0 0 0
0 0 0
0 0 0
0 0 0
0 0 0
0 0 0
0 0 0
0 0 0
0 0 0
0 0 0
0 0 0
0 0 0
0 0 0
0 0 0
0 0 0
0 0 0
0 0 0
0 0 0
0 0 0
0 0 0
0 0 0
0 0 0
0 0 0
0 0 0
0 0 0
0 0 0
0 0 0
0 0 0
0 0 0
0 0 0
00000000f6d64751a99f52128ca52fc01518f2e6ebe43e4ecbc5fa79c60c0ad8
00000000585cabb9da8320000000000000000000000000000000000000000000

91 2549916000
239 59 46
114 27 30
75 154 3
206 95 9
180 130 12
116 74 11
166 113 23
231 72 37
148 0 23
0 0 0
0 0 0
0 0 0
0 0 0
0 0 0
0 0 0
0 0 0
0 0 0
0 0 0
0 0 0
0 0 0
0 0 0
0 0 0
0 0 0
0 0 0
0 0 0
0 0 0
0 0 0
0 0 0
0 0 0
0 0 0
0 0 0
0 0 0
0 0 0
0 0 0
0 0 0
0 0 0
0 0 0
0 0 0
0 0 0
0 0 0
0 0 0
0 0 0
0 0 0
0 0 0
0 0 0
0 0 0
0 0 0
0 0 0
0 0 0
0 0 0
0 0 0
0 0 0
0 0 0
0 0 0
0 0 0
0 0 0
0 0 0
0 0 0
0 0 0
0 0 0
0 0 0
00000000585cabb9da8320000000000000000000000000000000000000000000
000000005015d4fe1a66cf3db3a6dd026ebdc1b11a1752216e163ca8abe68eb7

92 138897910
21 202 26
139 137 40
253 226 22
167 75 39
66 69 39
55 7 29
54 195 17
117 174 12
59 101 36
76 195 20
0 0 0
0 0 0
0 0 0
0 0 0
0 0 0
0 0 0
0 0 0
0 0 0
0 0 0
0 0 0
0 0 0
0 0 0
0 0 0
0 0 0
0 0 0
0 0 0
0 0 0
0 0 0
0 0 0
0 0 0
0 0 0
0 0 0
0 0 0
0 0 0
0 0 0
0 0 0
0 0 0
0 0 0
0 0 0
0 0 0
0 0 0
0 0 0
0 0 0
0 0 0
0 0 0
0 0 0
0 0 0
0 0 0
0 0 0
0 0 0
0 0 0
0 0 0
0 0 0
0 0 0
0 0 0
0 0 0
0 0 0
0 0 0
0 0 0
0 0 0
0 0 0
000000005015d4fe1a66cf3db3a6dd026ebdc1b11a1752216e163ca8abe68eb7
00000000aa4f8d4b722dcd42811acc51ea1d2265c80c12880838cbe20501d786

93 404938542
208 124 36
175 22 4
99 45 9
144 213 36
0 0 0
0 0 0
0 0 0
0 0 0
0 0 0
0 0 0
0 0 0
0 0 0
0 0 0
0 0 0
0 0 0
0 0 0
0 0 0
0 0 0
0 0 0
0 0 0
0 0 0
0 0 0
0 0 0
0 0 0
0 0 0
0 0 0
0 0 0
0 0 0
0 0 0
0 0 0
0 0 0
0 0 0
0 0 0
0 0 0
0 0 0
0 0 0
0 0 0
0 0 0
0 0 0
0 0 0
0 0 0
0 0 0
0 0 0
0 0 0
0 0 0
0 0 0
0 0 0
0 0 0
0 0 0
0 0 0
0 0 0
0 0 0
0 0 0
0 0 0
0 0 0
0 0 0
0 0 0
0 0 0
0 0 0
0 0 0
0 0 0
00000000aa4f8d4b722dcd42811acc51ea1d2265c80c12880838cbe20501d786
0000000091140fa1bc6d753da7a199c5ffa9719ac0a41831687a56b651fd8fff

94 726418113
51 243 20
230 3 29
124 66 17
240 229 3
11 47 40
161 107 42
130 31 10
0 0 0
0 0 0
0 0 0
0 0 0
0 0 0
0 0 0
0 0 0
0 0 0
0 0 0
0 0 0
0 0 0
0 0 0
0 0 0
0 0 0
0 0 0
0 0 0
0 0 0
0 0 0
0 0 0
0 0 0
0 0 0
0 0 0
0 0 0
0 0 0
0 0 0
0 0 0
0 0 0
0 0 0
0 0 0
0 0 0
0 0 0
0 0 0
0 0 0
0 0 0
0 0 0
0 0 0
0 0 0
0 0 0
0 0 0
0 0 0
0 0 0
0 0 0
0 0 0
0 0 0
0 0 0
0 0 0
0 0 0
0 0 0
0 0 0
0 0 0
0 0 0
0 0 0
0 0 0
0 0 0
0000000091140fa1bc6d753da7a199c5ffa9719ac0a41831687a56b651fd8fff
00000000521783407040f7e37fe34ba045f324de7c9651dcf238a8d078849b05

95 553328236
221 135 25
42 40 42
136 61 14
118 133 21
204 199 26
125 76 15
0 0 0
0 0 0
0 0 0
0 0 0
0 0 0
0 0 0
0 0 0
0 0 0
0 0 0
0 0 0
0 0 0
0 0 0
0 0 0
0 0 0
0 0 0
0 0 0
0 0 0
0 0 0
0 0 0
0 0 0
0 0 0
0 0 0
0 0 0
0 0 0
0 0 0
0 0 0
0 0 0
0 0 0
0 0 0
0 0 0
0 0 0
0 0 0
0 0 0
0 0 0
0 0 0
0 0 0
0 0 0
0 0 0
0 0 0
0 0 0
0 0 0
0 0 0
0 0 0
0 0 0
0 0 0
0 0 0
0 0 0
0 0 0
0 0 0
0 0 0
0 0 0
0 0 0
0 0 0
0 0 0
0 0 0
00000000521783407040f7e37fe34ba045f324de7c9651dcf238a8d078849b05
00000000308f48d151e9909747896296154dc80ee46129b1efa0326895ca0c07

96 1990610632
104 248 20
36 57 2
15 216 4
195 229 20
252 0 25
19 126 16
90 36 33
174 28 38
92 199 20
15 98 20
0 0 0
0 0 0
0 0 0
0 0 0
0 0 0
0 0 0
0 0 0
0 0 0
0 0 0
0 0 0
0 0 0
0 0 0
0 0 0
0 0 0
0 0 0
0 0 0
0 0 0
0 0 0
0 0 0
0 0 0
0 0 0
0 0 0
0 0 0
0 0 0
0 0 0
0 0 0
0 0 0
0 0 0
0 0 0
0 0 0
0 0 0
0 0 0
0 0 0
0 0 0
0 0 0
0 0 0
0 0 0
0 0 0
0 0 0
0 0 0
0 0 0
0 0 0
0 0 0
0 0 0
0 0 0
0 0 0
0 0 0
0 0 0
0 0 0
0 0 0
0 0 0
00000000308f48d151e9909747896296154dc80ee46129b1efa0326895ca0c07
0000000035d57b78e84f3f87d8e91f222546f30b04724d78a2db8e963fc42108

97 3032708
101 135 45
137 48 40
86 23 8
157 149 16
160 180 39
143 133 29
90 102 24
1 36 38
146 192 29
210 239 9
166 194 1
180 162 46
63 228 47
222 135 30
176 51 11
0 0 0
0 0 0
0 0 0
0 0 0
0 0 0
0 0 0
0 0 0
0 0 0
0 0 0
0 0 0
0 0 0
0 0 0
0 0 0
0 0 0
0 0 0
0 0 0
0 0 0
0 0 0
0 0 0
0 0 0
0 0 0
0 0 0
0 0 0
0 0 0
0 0 0
0 0 0
0 0 0
0 0 0
0 0 0
0 0 0
0 0 0
0 0 0
0 0 0
0 0 0
0 0 0
0 0 0
0 0 0
0 0 0
0 0 0
0 0 0
0 0 0
0 0 0
0 0 0
0 0 0
0 0 0
0 0 0
0000000035d57b78e84f3f87d8e91f222546f30b04724d78a2db8e963fc42108
00000015ac4beba53d1f78bb57febea5650eae30e493d028d66e3651f04a798c

98 278676096
65 34 10
0 0 0
0 0 0
0 0 0
0 0 0
0 0 0
0 0 0
0 0 0
0 0 0
0 0 0
0 0 0
0 0 0
0 0 0
0 0 0
0 0 0
0 0 0
0 0 0
0 0 0
0 0 0
0 0 0
0 0 0
0 0 0
0 0 0
0 0 0
0 0 0
0 0 0
0 0 0
0 0 0
0 0 0
0 0 0
0 0 0
0 0 0
0 0 0
0 0 0
0 0 0
0 0 0
0 0 0
0 0 0
0 0 0
0 0 0
0 0 0
0 0 0
0 0 0
0 0 0
0 0 0
0 0 0
0 0 0
0 0 0
0 0 0
0 0 0
0 0 0
0 0 0
0 0 0
0 0 0
0 0 0
0 0 0
0 0 0
0 0 0
0 0 0
0 0 0
0 0 0
00000015ac4beba53d1f78bb57febea5650eae30e493d028d66e3651f04a798c
00000000c376b520000000000000000000000000000000000000000000000000

99 3250342395
105 148 17
122 128 12
41 235 44
164 71 24
173 243 24
92 74 45
76 131 11
44 24 28
222 176 7
144 176 26
0 0 0
0 0 0
0 0 0
0 0 0
0 0 0
0 0 0
0 0 0
0 0 0
0 0 0
0 0 0
0 0 0
0 0 0
0 0 0
0 0 0
0 0 0
0 0 0
0 0 0
0 0 0
0 0 0
0 0 0
0 0 0
0 0 0
0 0 0
0 0 0
0 0 0
0 0 0
0 0 0
0 0 0
0 0 0
0 0 0
0 0 0
0 0 0
0 0 0
0 0 0
0 0 0
0 0 0
0 0 0
0 0 0
0 0 0
0 0 0
0 0 0
0 0 0
0 0 0
0 0 0
0 0 0
0 0 0
0 0 0
0 0 0
0 0 0
0 0 0
0 0 0
00000000c376b520000000000000000000000000000000000000000000000000
000000006301e857f945d41e076301ec281ad68e30c2369827d80fc8f0cea805

100 3664865825
22 242 32
136 159 44
222 122 35
106 0 26
98 248 27
25 48 19
223 37 39
189 65 11
54 215 9
134 185 20
0 0 0
0 0 0
0 0 0
0 0 0
0 0 0
0 0 0
0 0 0
0 0 0
0 0 0
0 0 0
0 0 0
0 0 0
0 0 0
0 0 0
0 0 0
0 0 0
0 0 0
0 0 0
0 0 0
0 0 0
0 0 0
0 0 0
0 0 0
0 0 0
0 0 0
0 0 0
0 0 0
0 0 0
0 0 0
0 0 0
0 0 0
0 0 0
0 0 0
0 0 0
0 0 0
0 0 0
0 0 0
0 0 0
0 0 0
0 0 0
0 0 0
0 0 0
0 0 0
0 0 0
0 0 0
0 0 0
0 0 0
0 0 0
0 0 0
0 0 0
0 0 0
000000006301e857f945d41e076301ec281ad68e30c2369827d80fc8f0cea805
0000000068965e767f8d17d7294eaef36c5d0dea025e1944a634fc6b0a2d8cc0

