60124 0000203232300a370a300a35360a3133300a3134360a33360a32370a3134340a
131
0
26
146
105
161
104
70
15
19
87
202
87
0
42
126
86
114
98
100
0
30
42
47
132
109
0
0
166
6
192
138
148
96
178
155
0
26
25
0
3
191
6
3
111
37
42
36
132
113
33
68
151
243
228
89
129
0
0
28
0
143
115
48
27
253
189
0
187
80
78
74
158
165
150
159
0
0
3
24
165
66
174
16
95
0
158
35
54
45
0
148
35
203
0
16
0
96
30
24
165
127
108
0
114
20
225
58
68
0
0
39
17
0
1
121
209
93
139
107
17
25
0
235
71
10
135
138
102
229
3
111
42
64
94
77
1
36
71
147
0
65
27
0
0
151
131
159
110
0
26
42
132
152
154
97
64
135
133
104
177
0
28
138
0
73
60
112
201
147
37
0
0
41
108
228
63
166
145
0
91
52
15
60
61
249
7
42
92
57
0
148
204
25
2
75
2
238
0
233
25
133
60
6
100
112
0
0
99
0
153
76
220
7
0
56
130
146
36
27
144
0
17
221
0
2
134
89
52
107
5
125
201
69
123
0
179
1
43
56
0
65
61
143
137
57
36
0
230
42
18
228
106
85
7
